0.00000 0.03235 0.03191 0.03235 0.03034 0.03235 0.03235 0.03235 0.00158 0.03235 0.03152 0.03235 0.03235 0.03235 0.00039 0.03235 0.00039 0.03235 0.03235 0.00827 0.02722 0.03235 0.00788 0.03325 0.03113 0.03235 0.00788 0.02640 0.00039 0.02049 0.00039 0.03235 0.03235 0.03073 0.00788 0.03235 0.03235 0.03235 0.03235 0.03235 0.03235 0.03235 0.03235 0.03195 0.00788 0.03235 0.03235 0.03235 
0.00000 0.00000 0.00868 0.00000 0.02485 0.00000 0.00000 0.00000 0.03314 0.00000 0.00671 0.00000 0.00000 0.00000 0.03195 0.00000 0.03195 0.00000 0.00000 0.02761 0.01538 0.00000 0.02722 0.00831 0.00592 0.00000 0.02722 0.01302 0.03195 0.02327 0.03195 0.00000 0.00000 0.02525 0.02722 0.00000 0.00000 0.00000 0.00000 0.00000 0.00000 0.00000 0.00000 0.00039 0.02722 0.00000 0.00000 0.00000 
0.00000 0.00000 0.00000 0.00868 0.02600 0.00868 0.00868 0.00868 0.03231 0.00868 0.00788 0.00868 0.00868 0.00868 0.03152 0.00868 0.03152 0.00868 0.00868 0.02482 0.01538 0.00868 0.02443 0.00990 0.00709 0.00868 0.02443 0.01418 0.03152 0.02088 0.03152 0.00868 0.00868 0.02600 0.02443 0.00868 0.00868 0.00868 0.00868 0.00868 0.00868 0.00868 0.00868 0.00907 0.02443 0.00868 0.00868 0.00868 
0.00000 0.00000 0.00000 0.00000 0.02485 0.00000 0.00000 0.00000 0.03314 0.00000 0.00671 0.00000 0.00000 0.00000 0.03195 0.00000 0.03195 0.00000 0.00000 0.02761 0.01538 0.00000 0.02722 0.00831 0.00592 0.00000 0.02722 0.01302 0.03195 0.02327 0.03195 0.00000 0.00000 0.02525 0.02722 0.00000 0.00000 0.00000 0.00000 0.00000 0.00000 0.00000 0.00000 0.00039 0.02722 0.00000 0.00000 0.00000 
0.00000 0.00000 0.00000 0.00000 0.00000 0.02485 0.02485 0.02485 0.03113 0.02485 0.02283 0.02485 0.02485 0.02485 0.02994 0.02485 0.02994 0.02485 0.02485 0.03424 0.01933 0.02485 0.03384 0.02177 0.02283 0.02485 0.03384 0.01732 0.02994 0.01221 0.02994 0.02485 0.02485 0.00039 0.03384 0.02485 0.02485 0.02485 0.02485 0.02485 0.02485 0.02485 0.02485 0.02525 0.03384 0.02485 0.02485 0.02485 
0.00000 0.00000 0.00000 0.00000 0.00000 0.00000 0.00000 0.00000 0.03314 0.00000 0.00671 0.00000 0.00000 0.00000 0.03195 0.00000 0.03195 0.00000 0.00000 0.02761 0.01538 0.00000 0.02722 0.00831 0.00592 0.00000 0.02722 0.01302 0.03195 0.02327 0.03195 0.00000 0.00000 0.02525 0.02722 0.00000 0.00000 0.00000 0.00000 0.00000 0.00000 0.00000 0.00000 0.00039 0.02722 0.00000 0.00000 0.00000 
0.00000 0.00000 0.00000 0.00000 0.00000 0.00000 0.00000 0.00000 0.03314 0.00000 0.00671 0.00000 0.00000 0.00000 0.03195 0.00000 0.03195 0.00000 0.00000 0.02761 0.01538 0.00000 0.02722 0.00831 0.00592 0.00000 0.02722 0.01302 0.03195 0.02327 0.03195 0.00000 0.00000 0.02525 0.02722 0.00000 0.00000 0.00000 0.00000 0.00000 0.00000 0.00000 0.00000 0.00039 0.02722 0.00000 0.00000 0.00000 
0.00000 0.00000 0.00000 0.00000 0.00000 0.00000 0.00000 0.00000 0.03314 0.00000 0.00671 0.00000 0.00000 0.00000 0.03195 0.00000 0.03195 0.00000 0.00000 0.02761 0.01538 0.00000 0.02722 0.00831 0.00592 0.00000 0.02722 0.01302 0.03195 0.02327 0.03195 0.00000 0.00000 0.02525 0.02722 0.00000 0.00000 0.00000 0.00000 0.00000 0.00000 0.00000 0.00000 0.00039 0.02722 0.00000 0.00000 0.00000 
0.00000 0.00000 0.00000 0.00000 0.00000 0.00000 0.00000 0.00000 0.00000 0.03314 0.03152 0.03314 0.03314 0.03314 0.00118 0.03314 0.00118 0.03314 0.03314 0.00906 0.02722 0.03314 0.00867 0.03365 0.03113 0.03314 0.00867 0.02679 0.00118 0.02167 0.00118 0.03314 0.03314 0.03113 0.00867 0.03314 0.03314 0.03314 0.03314 0.03314 0.03314 0.03314 0.03314 0.03274 0.00867 0.03314 0.03314 0.03314 
0.00000 0.00000 0.00000 0.00000 0.00000 0.00000 0.00000 0.00000 0.00000 0.00000 0.00671 0.00000 0.00000 0.00000 0.03195 0.00000 0.03195 0.00000 0.00000 0.02761 0.01538 0.00000 0.02722 0.00831 0.00592 0.00000 0.02722 0.01302 0.03195 0.02327 0.03195 0.00000 0.00000 0.02525 0.02722 0.00000 0.00000 0.00000 0.00000 0.00000 0.00000 0.00000 0.00000 0.00039 0.02722 0.00000 0.00000 0.00000 
0.00000 0.00000 0.00000 0.00000 0.00000 0.00000 0.00000 0.00000 0.00000 0.00000 0.00000 0.00671 0.00671 0.00671 0.03113 0.00671 0.03113 0.00671 0.00671 0.03030 0.01144 0.00671 0.03030 0.00554 0.00079 0.00671 0.03030 0.00826 0.03113 0.02009 0.03113 0.00671 0.00671 0.02322 0.03030 0.00671 0.00671 0.00671 0.00671 0.00671 0.00671 0.00671 0.00671 0.00710 0.03030 0.00671 0.00671 0.00671 
0.00000 0.00000 0.00000 0.00000 0.00000 0.00000 0.00000 0.00000 0.00000 0.00000 0.00000 0.00000 0.00000 0.00000 0.03195 0.00000 0.03195 0.00000 0.00000 0.02761 0.01538 0.00000 0.02722 0.00831 0.00592 0.00000 0.02722 0.01302 0.03195 0.02327 0.03195 0.00000 0.00000 0.02525 0.02722 0.00000 0.00000 0.00000 0.00000 0.00000 0.00000 0.00000 0.00000 0.00039 0.02722 0.00000 0.00000 0.00000 
0.00000 0.00000 0.00000 0.00000 0.00000 0.00000 0.00000 0.00000 0.00000 0.00000 0.00000 0.00000 0.00000 0.00000 0.03195 0.00000 0.03195 0.00000 0.00000 0.02761 0.01538 0.00000 0.02722 0.00831 0.00592 0.00000 0.02722 0.01302 0.03195 0.02327 0.03195 0.00000 0.00000 0.02525 0.02722 0.00000 0.00000 0.00000 0.00000 0.00000 0.00000 0.00000 0.00000 0.00039 0.02722 0.00000 0.00000 0.00000 
0.00000 0.00000 0.00000 0.00000 0.00000 0.00000 0.00000 0.00000 0.00000 0.00000 0.00000 0.00000 0.00000 0.00000 0.03195 0.00000 0.03195 0.00000 0.00000 0.02761 0.01538 0.00000 0.02722 0.00831 0.00592 0.00000 0.02722 0.01302 0.03195 0.02327 0.03195 0.00000 0.00000 0.02525 0.02722 0.00000 0.00000 0.00000 0.00000 0.00000 0.00000 0.00000 0.00000 0.00039 0.02722 0.00000 0.00000 0.00000 
0.00000 0.00000 0.00000 0.00000 0.00000 0.00000 0.00000 0.00000 0.00000 0.00000 0.00000 0.00000 0.00000 0.00000 0.00000 0.03195 0.00000 0.03195 0.03195 0.00788 0.02682 0.03195 0.00749 0.03286 0.03073 0.03195 0.00749 0.02640 0.00000 0.02049 0.00000 0.03195 0.03195 0.03034 0.00749 0.03195 0.03195 0.03195 0.03195 0.03195 0.03195 0.03195 0.03195 0.03156 0.00749 0.03195 0.03195 0.03195 
0.00000 0.00000 0.00000 0.00000 0.00000 0.00000 0.00000 0.00000 0.00000 0.00000 0.00000 0.00000 0.00000 0.00000 0.00000 0.00000 0.03195 0.00000 0.00000 0.02761 0.01538 0.00000 0.02722 0.00831 0.00592 0.00000 0.02722 0.01302 0.03195 0.02327 0.03195 0.00000 0.00000 0.02525 0.02722 0.00000 0.00000 0.00000 0.00000 0.00000 0.00000 0.00000 0.00000 0.00039 0.02722 0.00000 0.00000 0.00000 
0.00000 0.00000 0.00000 0.00000 0.00000 0.00000 0.00000 0.00000 0.00000 0.00000 0.00000 0.00000 0.00000 0.00000 0.00000 0.00000 0.00000 0.03195 0.03195 0.00788 0.02682 0.03195 0.00749 0.03286 0.03073 0.03195 0.00749 0.02640 0.00000 0.02049 0.00000 0.03195 0.03195 0.03034 0.00749 0.03195 0.03195 0.03195 0.03195 0.03195 0.03195 0.03195 0.03195 0.03156 0.00749 0.03195 0.03195 0.03195 
0.00000 0.00000 0.00000 0.00000 0.00000 0.00000 0.00000 0.00000 0.00000 0.00000 0.00000 0.00000 0.00000 0.00000 0.00000 0.00000 0.00000 0.00000 0.00000 0.02761 0.01538 0.00000 0.02722 0.00831 0.00592 0.00000 0.02722 0.01302 0.03195 0.02327 0.03195 0.00000 0.00000 0.02525 0.02722 0.00000 0.00000 0.00000 0.00000 0.00000 0.00000 0.00000 0.00000 0.00039 0.02722 0.00000 0.00000 0.00000 
0.00000 0.00000 0.00000 0.00000 0.00000 0.00000 0.00000 0.00000 0.00000 0.00000 0.00000 0.00000 0.00000 0.00000 0.00000 0.00000 0.00000 0.00000 0.00000 0.02761 0.01538 0.00000 0.02722 0.00831 0.00592 0.00000 0.02722 0.01302 0.03195 0.02327 0.03195 0.00000 0.00000 0.02525 0.02722 0.00000 0.00000 0.00000 0.00000 0.00000 0.00000 0.00000 0.00000 0.00039 0.02722 0.00000 0.00000 0.00000 
0.00000 0.00000 0.00000 0.00000 0.00000 0.00000 0.00000 0.00000 0.00000 0.00000 0.00000 0.00000 0.00000 0.00000 0.00000 0.00000 0.00000 0.00000 0.00000 0.00000 0.02564 0.02761 0.00039 0.03127 0.03030 0.02761 0.00039 0.02558 0.00788 0.02679 0.00788 0.02761 0.02761 0.03463 0.00039 0.02761 0.02761 0.02761 0.02761 0.02761 0.02761 0.02761 0.02761 0.02722 0.00039 0.02761 0.02761 0.02761 
0.00000 0.00000 0.00000 0.00000 0.00000 0.00000 0.00000 0.00000 0.00000 0.00000 0.00000 0.00000 0.00000 0.00000 0.00000 0.00000 0.00000 0.00000 0.00000 0.00000 0.00000 0.01538 0.02525 0.01306 0.01065 0.01538 0.02525 0.00592 0.02682 0.01696 0.02682 0.01538 0.01538 0.01972 0.02525 0.01538 0.01538 0.01538 0.01538 0.01538 0.01538 0.01538 0.01538 0.01578 0.02525 0.01538 0.01538 0.01538 
0.00000 0.00000 0.00000 0.00000 0.00000 0.00000 0.00000 0.00000 0.00000 0.00000 0.00000 0.00000 0.00000 0.00000 0.00000 0.00000 0.00000 0.00000 0.00000 0.00000 0.00000 0.00000 0.02722 0.00831 0.00592 0.00000 0.02722 0.01302 0.03195 0.02327 0.03195 0.00000 0.00000 0.02525 0.02722 0.00000 0.00000 0.00000 0.00000 0.00000 0.00000 0.00000 0.00000 0.00039 0.02722 0.00000 0.00000 0.00000 
0.00000 0.00000 0.00000 0.00000 0.00000 0.00000 0.00000 0.00000 0.00000 0.00000 0.00000 0.00000 0.00000 0.00000 0.00000 0.00000 0.00000 0.00000 0.00000 0.00000 0.00000 0.00000 0.00000 0.03088 0.02991 0.02722 0.00000 0.02558 0.00749 0.02640 0.00749 0.02722 0.02722 0.03424 0.00000 0.02722 0.02722 0.02722 0.02722 0.02722 0.02722 0.02722 0.02722 0.02682 0.00000 0.02722 0.02722 0.02722 
0.00000 0.00000 0.00000 0.00000 0.00000 0.00000 0.00000 0.00000 0.00000 0.00000 0.00000 0.00000 0.00000 0.00000 0.00000 0.00000 0.00000 0.00000 0.00000 0.00000 0.00000 0.00000 0.00000 0.00000 0.00554 0.00831 0.03088 0.01108 0.03286 0.02019 0.03286 0.00831 0.00831 0.02177 0.03088 0.00831 0.00831 0.00831 0.00831 0.00831 0.00831 0.00831 0.00831 0.00871 0.03088 0.00831 0.00831 0.00831 
0.00000 0.00000 0.00000 0.00000 0.00000 0.00000 0.00000 0.00000 0.00000 0.00000 0.00000 0.00000 0.00000 0.00000 0.00000 0.00000 0.00000 0.00000 0.00000 0.00000 0.00000 0.00000 0.00000 0.00000 0.00000 0.00592 0.02991 0.00866 0.03073 0.01970 0.03073 0.00592 0.00592 0.02322 0.02991 0.00592 0.00592 0.00592 0.00592 0.00592 0.00592 0.00592 0.00592 0.00631 0.02991 0.00592 0.00592 0.00592 
0.00000 0.00000 0.00000 0.00000 0.00000 0.00000 0.00000 0.00000 0.00000 0.00000 0.00000 0.00000 0.00000 0.00000 0.00000 0.00000 0.00000 0.00000 0.00000 0.00000 0.00000 0.00000 0.00000 0.00000 0.00000 0.00000 0.02722 0.01302 0.03195 0.02327 0.03195 0.00000 0.00000 0.02525 0.02722 0.00000 0.00000 0.00000 0.00000 0.00000 0.00000 0.00000 0.00000 0.00039 0.02722 0.00000 0.00000 0.00000 
0.00000 0.00000 0.00000 0.00000 0.00000 0.00000 0.00000 0.00000 0.00000 0.00000 0.00000 0.00000 0.00000 0.00000 0.00000 0.00000 0.00000 0.00000 0.00000 0.00000 0.00000 0.00000 0.00000 0.00000 0.00000 0.00000 0.00000 0.02558 0.00749 0.02640 0.00749 0.02722 0.02722 0.03424 0.00000 0.02722 0.02722 0.02722 0.02722 0.02722 0.02722 0.02722 0.02722 0.02682 0.00000 0.02722 0.02722 0.02722 
0.00000 0.00000 0.00000 0.00000 0.00000 0.00000 0.00000 0.00000 0.00000 0.00000 0.00000 0.00000 0.00000 0.00000 0.00000 0.00000 0.00000 0.00000 0.00000 0.00000 0.00000 0.00000 0.00000 0.00000 0.00000 0.00000 0.00000 0.00000 0.02640 0.01458 0.02640 0.01302 0.01302 0.01771 0.02558 0.01302 0.01302 0.01302 0.01302 0.01302 0.01302 0.01302 0.01302 0.01341 0.02558 0.01302 0.01302 0.01302 
0.00000 0.00000 0.00000 0.00000 0.00000 0.00000 0.00000 0.00000 0.00000 0.00000 0.00000 0.00000 0.00000 0.00000 0.00000 0.00000 0.00000 0.00000 0.00000 0.00000 0.00000 0.00000 0.00000 0.00000 0.00000 0.00000 0.00000 0.00000 0.00000 0.02049 0.00000 0.03195 0.03195 0.03034 0.00749 0.03195 0.03195 0.03195 0.03195 0.03195 0.03195 0.03195 0.03195 0.03156 0.00749 0.03195 0.03195 0.03195 
0.00000 0.00000 0.00000 0.00000 0.00000 0.00000 0.00000 0.00000 0.00000 0.00000 0.00000 0.00000 0.00000 0.00000 0.00000 0.00000 0.00000 0.00000 0.00000 0.00000 0.00000 0.00000 0.00000 0.00000 0.00000 0.00000 0.00000 0.00000 0.00000 0.00000 0.02049 0.02327 0.02327 0.01261 0.02640 0.02327 0.02327 0.02327 0.02327 0.02327 0.02327 0.02327 0.02327 0.02367 0.02640 0.02327 0.02327 0.02327 
0.00000 0.00000 0.00000 0.00000 0.00000 0.00000 0.00000 0.00000 0.00000 0.00000 0.00000 0.00000 0.00000 0.00000 0.00000 0.00000 0.00000 0.00000 0.00000 0.00000 0.00000 0.00000 0.00000 0.00000 0.00000 0.00000 0.00000 0.00000 0.00000 0.00000 0.00000 0.03195 0.03195 0.03034 0.00749 0.03195 0.03195 0.03195 0.03195 0.03195 0.03195 0.03195 0.03195 0.03156 0.00749 0.03195 0.03195 0.03195 
0.00000 0.00000 0.00000 0.00000 0.00000 0.00000 0.00000 0.00000 0.00000 0.00000 0.00000 0.00000 0.00000 0.00000 0.00000 0.00000 0.00000 0.00000 0.00000 0.00000 0.00000 0.00000 0.00000 0.00000 0.00000 0.00000 0.00000 0.00000 0.00000 0.00000 0.00000 0.00000 0.00000 0.02525 0.02722 0.00000 0.00000 0.00000 0.00000 0.00000 0.00000 0.00000 0.00000 0.00039 0.02722 0.00000 0.00000 0.00000 
0.00000 0.00000 0.00000 0.00000 0.00000 0.00000 0.00000 0.00000 0.00000 0.00000 0.00000 0.00000 0.00000 0.00000 0.00000 0.00000 0.00000 0.00000 0.00000 0.00000 0.00000 0.00000 0.00000 0.00000 0.00000 0.00000 0.00000 0.00000 0.00000 0.00000 0.00000 0.00000 0.00000 0.02525 0.02722 0.00000 0.00000 0.00000 0.00000 0.00000 0.00000 0.00000 0.00000 0.00039 0.02722 0.00000 0.00000 0.00000 
0.00000 0.00000 0.00000 0.00000 0.00000 0.00000 0.00000 0.00000 0.00000 0.00000 0.00000 0.00000 0.00000 0.00000 0.00000 0.00000 0.00000 0.00000 0.00000 0.00000 0.00000 0.00000 0.00000 0.00000 0.00000 0.00000 0.00000 0.00000 0.00000 0.00000 0.00000 0.00000 0.00000 0.00000 0.03424 0.02525 0.02525 0.02525 0.02525 0.02525 0.02525 0.02525 0.02525 0.02564 0.03424 0.02525 0.02525 0.02525 
0.00000 0.00000 0.00000 0.00000 0.00000 0.00000 0.00000 0.00000 0.00000 0.00000 0.00000 0.00000 0.00000 0.00000 0.00000 0.00000 0.00000 0.00000 0.00000 0.00000 0.00000 0.00000 0.00000 0.00000 0.00000 0.00000 0.00000 0.00000 0.00000 0.00000 0.00000 0.00000 0.00000 0.00000 0.00000 0.02722 0.02722 0.02722 0.02722 0.02722 0.02722 0.02722 0.02722 0.02682 0.00000 0.02722 0.02722 0.02722 
0.00000 0.00000 0.00000 0.00000 0.00000 0.00000 0.00000 0.00000 0.00000 0.00000 0.00000 0.00000 0.00000 0.00000 0.00000 0.00000 0.00000 0.00000 0.00000 0.00000 0.00000 0.00000 0.00000 0.00000 0.00000 0.00000 0.00000 0.00000 0.00000 0.00000 0.00000 0.00000 0.00000 0.00000 0.00000 0.00000 0.00000 0.00000 0.00000 0.00000 0.00000 0.00000 0.00000 0.00039 0.02722 0.00000 0.00000 0.00000 
0.00000 0.00000 0.00000 0.00000 0.00000 0.00000 0.00000 0.00000 0.00000 0.00000 0.00000 0.00000 0.00000 0.00000 0.00000 0.00000 0.00000 0.00000 0.00000 0.00000 0.00000 0.00000 0.00000 0.00000 0.00000 0.00000 0.00000 0.00000 0.00000 0.00000 0.00000 0.00000 0.00000 0.00000 0.00000 0.00000 0.00000 0.00000 0.00000 0.00000 0.00000 0.00000 0.00000 0.00039 0.02722 0.00000 0.00000 0.00000 
0.00000 0.00000 0.00000 0.00000 0.00000 0.00000 0.00000 0.00000 0.00000 0.00000 0.00000 0.00000 0.00000 0.00000 0.00000 0.00000 0.00000 0.00000 0.00000 0.00000 0.00000 0.00000 0.00000 0.00000 0.00000 0.00000 0.00000 0.00000 0.00000 0.00000 0.00000 0.00000 0.00000 0.00000 0.00000 0.00000 0.00000 0.00000 0.00000 0.00000 0.00000 0.00000 0.00000 0.00039 0.02722 0.00000 0.00000 0.00000 
0.00000 0.00000 0.00000 0.00000 0.00000 0.00000 0.00000 0.00000 0.00000 0.00000 0.00000 0.00000 0.00000 0.00000 0.00000 0.00000 0.00000 0.00000 0.00000 0.00000 0.00000 0.00000 0.00000 0.00000 0.00000 0.00000 0.00000 0.00000 0.00000 0.00000 0.00000 0.00000 0.00000 0.00000 0.00000 0.00000 0.00000 0.00000 0.00000 0.00000 0.00000 0.00000 0.00000 0.00039 0.02722 0.00000 0.00000 0.00000 
0.00000 0.00000 0.00000 0.00000 0.00000 0.00000 0.00000 0.00000 0.00000 0.00000 0.00000 0.00000 0.00000 0.00000 0.00000 0.00000 0.00000 0.00000 0.00000 0.00000 0.00000 0.00000 0.00000 0.00000 0.00000 0.00000 0.00000 0.00000 0.00000 0.00000 0.00000 0.00000 0.00000 0.00000 0.00000 0.00000 0.00000 0.00000 0.00000 0.00000 0.00000 0.00000 0.00000 0.00039 0.02722 0.00000 0.00000 0.00000 
0.00000 0.00000 0.00000 0.00000 0.00000 0.00000 0.00000 0.00000 0.00000 0.00000 0.00000 0.00000 0.00000 0.00000 0.00000 0.00000 0.00000 0.00000 0.00000 0.00000 0.00000 0.00000 0.00000 0.00000 0.00000 0.00000 0.00000 0.00000 0.00000 0.00000 0.00000 0.00000 0.00000 0.00000 0.00000 0.00000 0.00000 0.00000 0.00000 0.00000 0.00000 0.00000 0.00000 0.00039 0.02722 0.00000 0.00000 0.00000 
0.00000 0.00000 0.00000 0.00000 0.00000 0.00000 0.00000 0.00000 0.00000 0.00000 0.00000 0.00000 0.00000 0.00000 0.00000 0.00000 0.00000 0.00000 0.00000 0.00000 0.00000 0.00000 0.00000 0.00000 0.00000 0.00000 0.00000 0.00000 0.00000 0.00000 0.00000 0.00000 0.00000 0.00000 0.00000 0.00000 0.00000 0.00000 0.00000 0.00000 0.00000 0.00000 0.00000 0.00039 0.02722 0.00000 0.00000 0.00000 
0.00000 0.00000 0.00000 0.00000 0.00000 0.00000 0.00000 0.00000 0.00000 0.00000 0.00000 0.00000 0.00000 0.00000 0.00000 0.00000 0.00000 0.00000 0.00000 0.00000 0.00000 0.00000 0.00000 0.00000 0.00000 0.00000 0.00000 0.00000 0.00000 0.00000 0.00000 0.00000 0.00000 0.00000 0.00000 0.00000 0.00000 0.00000 0.00000 0.00000 0.00000 0.00000 0.00000 0.00039 0.02722 0.00000 0.00000 0.00000 
0.00000 0.00000 0.00000 0.00000 0.00000 0.00000 0.00000 0.00000 0.00000 0.00000 0.00000 0.00000 0.00000 0.00000 0.00000 0.00000 0.00000 0.00000 0.00000 0.00000 0.00000 0.00000 0.00000 0.00000 0.00000 0.00000 0.00000 0.00000 0.00000 0.00000 0.00000 0.00000 0.00000 0.00000 0.00000 0.00000 0.00000 0.00000 0.00000 0.00000 0.00000 0.00000 0.00000 0.00000 0.02682 0.00039 0.00039 0.00039 
0.00000 0.00000 0.00000 0.00000 0.00000 0.00000 0.00000 0.00000 0.00000 0.00000 0.00000 0.00000 0.00000 0.00000 0.00000 0.00000 0.00000 0.00000 0.00000 0.00000 0.00000 0.00000 0.00000 0.00000 0.00000 0.00000 0.00000 0.00000 0.00000 0.00000 0.00000 0.00000 0.00000 0.00000 0.00000 0.00000 0.00000 0.00000 0.00000 0.00000 0.00000 0.00000 0.00000 0.00000 0.00000 0.02722 0.02722 0.02722 
0.00000 0.00000 0.00000 0.00000 0.00000 0.00000 0.00000 0.00000 0.00000 0.00000 0.00000 0.00000 0.00000 0.00000 0.00000 0.00000 0.00000 0.00000 0.00000 0.00000 0.00000 0.00000 0.00000 0.00000 0.00000 0.00000 0.00000 0.00000 0.00000 0.00000 0.00000 0.00000 0.00000 0.00000 0.00000 0.00000 0.00000 0.00000 0.00000 0.00000 0.00000 0.00000 0.00000 0.00000 0.00000 0.00000 0.00000 0.00000 
0.00000 0.00000 0.00000 0.00000 0.00000 0.00000 0.00000 0.00000 0.00000 0.00000 0.00000 0.00000 0.00000 0.00000 0.00000 0.00000 0.00000 0.00000 0.00000 0.00000 0.00000 0.00000 0.00000 0.00000 0.00000 0.00000 0.00000 0.00000 0.00000 0.00000 0.00000 0.00000 0.00000 0.00000 0.00000 0.00000 0.00000 0.00000 0.00000 0.00000 0.00000 0.00000 0.00000 0.00000 0.00000 0.00000 0.00000 0.00000 
0.00000 0.00000 0.00000 0.00000 0.00000 0.00000 0.00000 0.00000 0.00000 0.00000 0.00000 0.00000 0.00000 0.00000 0.00000 0.00000 0.00000 0.00000 0.00000 0.00000 0.00000 0.00000 0.00000 0.00000 0.00000 0.00000 0.00000 0.00000 0.00000 0.00000 0.00000 0.00000 0.00000 0.00000 0.00000 0.00000 0.00000 0.00000 0.00000 0.00000 0.00000 0.00000 0.00000 0.00000 0.00000 0.00000 0.00000 0.00000 
