0.00000 0.07881 0.10595 0.10245 0.18182 0.18564 0.15400 0.15497 0.15497 0.15497 0.11734 0.11384 0.15149 0.13923 0.11208 0.99650 0.99912 0.99912 0.99912 1.00000 0.18126 0.18126 0.18126 0.18389 0.18564 0.18301 0.18564 0.19352 0.21053 0.25146 0.20053 0.19877 0.18324 0.18908 0.18713 0.20370 0.17836 0.16374 0.18908 0.19006 0.19006 0.21629 0.19006 0.19006 0.18908 0.18713 0.23555 0.24951 0.23292 0.19177 
0.00000 0.00000 0.12106 0.11253 0.18087 0.18670 0.16472 0.15984 0.16667 0.16569 0.12873 0.12447 0.15772 0.14322 0.12276 0.99829 0.99829 1.00000 0.99915 0.99829 0.17732 0.17647 0.17903 0.18073 0.18073 0.17647 0.17903 0.19864 0.22515 0.26023 0.20375 0.20290 0.20078 0.19883 0.20078 0.21832 0.19493 0.18031 0.20175 0.20273 0.20078 0.24638 0.20078 0.20078 0.20760 0.19981 0.23870 0.25536 0.24041 0.21142 
0.00000 0.00000 0.00000 0.09548 0.18087 0.20034 0.15497 0.15400 0.16179 0.15595 0.14408 0.13384 0.16795 0.16113 0.13043 0.99659 0.99829 1.00000 1.00000 0.99915 0.18585 0.18500 0.18670 0.18841 0.18926 0.18670 0.19011 0.19949 0.21930 0.27096 0.21739 0.21569 0.19688 0.20468 0.19883 0.21540 0.18129 0.17739 0.19883 0.19981 0.19786 0.25234 0.19786 0.19786 0.20078 0.19688 0.24552 0.24269 0.23188 0.19608 
0.00000 0.00000 0.00000 0.00000 0.17330 0.16113 0.16667 0.16862 0.16764 0.16764 0.13384 0.12106 0.15857 0.12532 0.11935 0.99829 0.99574 0.99744 1.00000 1.00000 0.16965 0.17050 0.17050 0.17306 0.17136 0.17050 0.17647 0.18329 0.21345 0.26316 0.20546 0.20375 0.19396 0.20955 0.18616 0.20955 0.19396 0.17544 0.18713 0.18811 0.18713 0.23103 0.18616 0.18713 0.19298 0.18713 0.23274 0.23782 0.21483 0.17477 
0.00000 0.00000 0.00000 0.00000 0.00000 0.13542 0.18908 0.19006 0.20273 0.19006 0.14962 0.14867 0.18087 0.14867 0.14678 0.99621 0.99811 1.00000 1.00000 0.99905 0.16004 0.15814 0.15909 0.16004 0.16193 0.15909 0.16383 0.17235 0.20370 0.24366 0.19318 0.19318 0.18908 0.18324 0.19298 0.18519 0.18519 0.15692 0.19493 0.19591 0.19591 0.15057 0.19396 0.19591 0.21248 0.19298 0.22538 0.25341 0.22633 0.14678 
0.00000 0.00000 0.00000 0.00000 0.00000 0.00000 0.20175 0.19981 0.19981 0.20273 0.16027 0.16368 0.19182 0.15686 0.16283 0.99659 0.99829 1.00000 1.00000 0.99915 0.16027 0.16283 0.17136 0.16539 0.16368 0.16368 0.16624 0.17903 0.19298 0.26218 0.21142 0.20801 0.20663 0.20468 0.20273 0.19883 0.19591 0.18421 0.20468 0.20565 0.20468 0.24126 0.20370 0.20468 0.21345 0.20273 0.22251 0.25244 0.23188 0.17903 
0.00000 0.00000 0.00000 0.00000 0.00000 0.00000 0.00000 0.01170 0.17544 0.00097 0.11501 0.08772 0.00877 0.12378 0.08772 1.00000 1.00000 1.00000 1.00000 1.00000 0.18421 0.18129 0.18129 0.18324 0.18324 0.18421 0.18616 0.18324 0.20565 0.26998 0.20078 0.20175 0.19688 0.20370 0.18519 0.19981 0.19103 0.17349 0.18519 0.18616 0.18616 0.14912 0.18519 0.18616 0.20663 0.18421 0.25536 0.25634 0.24172 0.20663 
0.00000 0.00000 0.00000 0.00000 0.00000 0.00000 0.00000 0.00000 0.17446 0.01267 0.11598 0.08967 0.01072 0.12281 0.08869 0.99805 0.99805 1.00000 0.99903 0.99805 0.18421 0.18129 0.18129 0.18324 0.18324 0.18421 0.18616 0.17934 0.20468 0.27096 0.20078 0.20370 0.19883 0.20370 0.18713 0.20175 0.19298 0.17251 0.18908 0.19006 0.19006 0.15302 0.18908 0.19006 0.20760 0.18811 0.24951 0.25244 0.23489 0.20663 
0.00000 0.00000 0.00000 0.00000 0.00000 0.00000 0.00000 0.00000 0.00000 0.17641 0.12963 0.12086 0.17349 0.16374 0.11988 0.99805 0.99805 1.00000 0.99903 0.99805 0.18811 0.19006 0.18031 0.18421 0.18129 0.18811 0.18908 0.19981 0.19396 0.24951 0.20955 0.20565 0.19591 0.19883 0.18908 0.19688 0.18226 0.16959 0.19006 0.19103 0.19103 0.13743 0.19201 0.19103 0.19493 0.19103 0.24269 0.24951 0.24074 0.19786 
0.00000 0.00000 0.00000 0.00000 0.00000 0.00000 0.00000 0.00000 0.00000 0.00000 0.11598 0.08869 0.00975 0.12476 0.08869 1.00000 1.00000 1.00000 1.00000 1.00000 0.18421 0.18129 0.18129 0.18324 0.18324 0.18421 0.18616 0.18421 0.20663 0.26998 0.20078 0.20175 0.19688 0.20468 0.18616 0.20078 0.19103 0.17446 0.18616 0.18713 0.18713 0.15010 0.18616 0.18713 0.20760 0.18519 0.25634 0.25731 0.24074 0.20760 
0.00000 0.00000 0.00000 0.00000 0.00000 0.00000 0.00000 0.00000 0.00000 0.00000 0.00000 0.09292 0.11935 0.12020 0.09292 0.99659 0.99915 0.99915 0.99915 1.00000 0.15004 0.15004 0.14919 0.15260 0.15345 0.15175 0.15942 0.16965 0.18713 0.24659 0.18414 0.18244 0.17251 0.17934 0.15692 0.17934 0.16082 0.15302 0.15887 0.15984 0.15887 0.20631 0.15789 0.15887 0.18226 0.15692 0.21569 0.22710 0.21654 0.17988 
0.00000 0.00000 0.00000 0.00000 0.00000 0.00000 0.00000 0.00000 0.00000 0.00000 0.00000 0.00000 0.08014 0.09804 0.01620 0.99915 0.99915 0.99915 1.00000 1.00000 0.14663 0.14322 0.14749 0.15004 0.14663 0.14663 0.15090 0.15857 0.18616 0.23587 0.16880 0.16795 0.15497 0.17251 0.15789 0.17739 0.15692 0.14327 0.15497 0.15595 0.15497 0.20887 0.15400 0.15497 0.17251 0.15400 0.21824 0.22710 0.20631 0.16709 
0.00000 0.00000 0.00000 0.00000 0.00000 0.00000 0.00000 0.00000 0.00000 0.00000 0.00000 0.00000 0.00000 0.11424 0.07758 0.99915 0.99915 0.99915 0.99915 1.00000 0.17818 0.17647 0.17647 0.18073 0.17988 0.17903 0.18244 0.18159 0.20273 0.26511 0.19523 0.19693 0.19493 0.19981 0.17934 0.19688 0.19006 0.16959 0.17934 0.18031 0.17934 0.23700 0.17836 0.17934 0.20175 0.17739 0.24126 0.25146 0.22762 0.20034 
0.00000 0.00000 0.00000 0.00000 0.00000 0.00000 0.00000 0.00000 0.00000 0.00000 0.00000 0.00000 0.00000 0.00000 0.09633 0.99659 0.99829 1.00000 1.00000 0.99915 0.15090 0.15260 0.15090 0.15345 0.15345 0.15345 0.15772 0.16027 0.20078 0.24464 0.18755 0.18414 0.17154 0.18031 0.15205 0.18713 0.17057 0.15984 0.15302 0.15400 0.15302 0.19608 0.15205 0.15302 0.17544 0.15107 0.21654 0.23879 0.21313 0.17477 
0.00000 0.00000 0.00000 0.00000 0.00000 0.00000 0.00000 0.00000 0.00000 0.00000 0.00000 0.00000 0.00000 0.00000 0.00000 0.99829 0.99829 0.99829 1.00000 1.00000 0.14152 0.13811 0.14237 0.14663 0.14322 0.14322 0.14749 0.15601 0.18324 0.23392 0.16454 0.16368 0.15010 0.16862 0.15595 0.16959 0.15302 0.13548 0.15205 0.15302 0.15205 0.20375 0.15205 0.15205 0.17057 0.15107 0.21313 0.22417 0.20034 0.16795 
0.00000 0.00000 0.00000 0.00000 0.00000 0.00000 0.00000 0.00000 0.00000 0.00000 0.00000 0.00000 0.00000 0.00000 0.00000 0.00000 0.00974 0.01916 0.01525 0.01091 0.45947 0.45284 0.43998 0.44973 0.45362 0.44661 0.45596 0.99659 0.99805 1.00000 0.99829 0.99829 0.99805 0.99805 0.99805 0.99805 0.99805 0.99805 1.00000 1.00000 1.00000 0.99903 0.99903 1.00000 0.99805 0.99903 0.99659 0.99805 0.99659 0.99829 
0.00000 0.00000 0.00000 0.00000 0.00000 0.00000 0.00000 0.00000 0.00000 0.00000 0.00000 0.00000 0.00000 0.00000 0.00000 0.00000 0.00000 0.01720 0.01369 0.01130 0.45947 0.45284 0.43920 0.45051 0.45246 0.44739 0.45752 0.99915 0.99805 1.00000 0.99915 0.99915 0.99708 0.99805 0.99805 0.99513 0.99805 0.99805 1.00000 1.00000 1.00000 0.99903 0.99903 1.00000 0.99805 0.99903 0.99829 0.99805 0.99915 0.99829 
0.00000 0.00000 0.00000 0.00000 0.00000 0.00000 0.00000 0.00000 0.00000 0.00000 0.00000 0.00000 0.00000 0.00000 0.00000 0.00000 0.00000 0.00000 0.00469 0.01251 0.45778 0.45113 0.43784 0.44879 0.45113 0.44566 0.45504 0.99915 1.00000 1.00000 0.99915 0.99915 0.99708 1.00000 1.00000 0.99708 1.00000 1.00000 1.00000 1.00000 1.00000 1.00000 0.99903 1.00000 1.00000 1.00000 1.00000 1.00000 0.99915 1.00000 
0.00000 0.00000 0.00000 0.00000 0.00000 0.00000 0.00000 0.00000 0.00000 0.00000 0.00000 0.00000 0.00000 0.00000 0.00000 0.00000 0.00000 0.00000 0.00000 0.01408 0.45757 0.45092 0.43801 0.44857 0.45092 0.44544 0.45483 0.99915 0.99903 1.00000 0.99915 0.99915 1.00000 0.99903 0.99903 1.00000 0.99903 0.99903 1.00000 1.00000 1.00000 0.99952 0.99903 1.00000 0.99903 1.00000 1.00000 0.99903 0.99915 0.99915 
0.00000 0.00000 0.00000 0.00000 0.00000 0.00000 0.00000 0.00000 0.00000 0.00000 0.00000 0.00000 0.00000 0.00000 0.00000 0.00000 0.00000 0.00000 0.00000 0.00000 0.46196 0.45536 0.44255 0.45303 0.45575 0.44992 0.45846 1.00000 0.99805 1.00000 1.00000 1.00000 1.00000 0.99805 0.99805 1.00000 0.99805 0.99805 1.00000 1.00000 1.00000 0.99903 1.00000 1.00000 0.99805 0.99903 0.99915 0.99805 1.00000 0.99829 
0.00000 0.00000 0.00000 0.00000 0.00000 0.00000 0.00000 0.00000 0.00000 0.00000 0.00000 0.00000 0.00000 0.00000 0.00000 0.00000 0.00000 0.00000 0.00000 0.00000 0.00000 0.02173 0.06733 0.04599 0.03577 0.03761 0.06984 0.11424 0.19981 0.23879 0.18500 0.18159 0.18811 0.17446 0.18908 0.17836 0.17446 0.16862 0.19103 0.19201 0.19103 0.54831 0.19006 0.19103 0.20175 0.18908 0.17050 0.23197 0.20375 0.18073 
0.00000 0.00000 0.00000 0.00000 0.00000 0.00000 0.00000 0.00000 0.00000 0.00000 0.00000 0.00000 0.00000 0.00000 0.00000 0.00000 0.00000 0.00000 0.00000 0.00000 0.00000 0.00000 0.06446 0.04250 0.03776 0.03380 0.06410 0.12788 0.20468 0.23684 0.18500 0.18244 0.18616 0.17641 0.18713 0.17739 0.17349 0.16667 0.18908 0.19006 0.18908 0.55169 0.18811 0.18908 0.20565 0.18713 0.17647 0.23587 0.21654 0.18585 
0.00000 0.00000 0.00000 0.00000 0.00000 0.00000 0.00000 0.00000 0.00000 0.00000 0.00000 0.00000 0.00000 0.00000 0.00000 0.00000 0.00000 0.00000 0.00000 0.00000 0.00000 0.00000 0.00000 0.06567 0.07043 0.06689 0.07152 0.11594 0.19981 0.24366 0.18670 0.18329 0.18616 0.17349 0.18226 0.17934 0.17349 0.16862 0.18421 0.18519 0.18421 0.54589 0.18324 0.18421 0.19883 0.18324 0.15345 0.21735 0.19693 0.18329 
0.00000 0.00000 0.00000 0.00000 0.00000 0.00000 0.00000 0.00000 0.00000 0.00000 0.00000 0.00000 0.00000 0.00000 0.00000 0.00000 0.00000 0.00000 0.00000 0.00000 0.00000 0.00000 0.00000 0.00000 0.04593 0.03383 0.05869 0.11850 0.19981 0.23879 0.18841 0.18500 0.18908 0.17836 0.19006 0.17934 0.17544 0.16959 0.19201 0.19298 0.19201 0.55024 0.19103 0.19201 0.20273 0.19006 0.16539 0.22807 0.20887 0.18500 
0.00000 0.00000 0.00000 0.00000 0.00000 0.00000 0.00000 0.00000 0.00000 0.00000 0.00000 0.00000 0.00000 0.00000 0.00000 0.00000 0.00000 0.00000 0.00000 0.00000 0.00000 0.00000 0.00000 0.00000 0.00000 0.05156 0.06756 0.11509 0.19786 0.23684 0.18585 0.18244 0.18519 0.17641 0.18811 0.17641 0.17057 0.16862 0.19006 0.19103 0.19006 0.54783 0.18908 0.19006 0.19981 0.18811 0.17221 0.22612 0.20972 0.18755 
0.00000 0.00000 0.00000 0.00000 0.00000 0.00000 0.00000 0.00000 0.00000 0.00000 0.00000 0.00000 0.00000 0.00000 0.00000 0.00000 0.00000 0.00000 0.00000 0.00000 0.00000 0.00000 0.00000 0.00000 0.00000 0.00000 0.05980 0.11765 0.19883 0.24074 0.18670 0.18329 0.18713 0.17739 0.18811 0.17934 0.17544 0.16764 0.19006 0.19103 0.19006 0.54879 0.18908 0.19006 0.19883 0.18811 0.17562 0.23099 0.20801 0.18159 
0.00000 0.00000 0.00000 0.00000 0.00000 0.00000 0.00000 0.00000 0.00000 0.00000 0.00000 0.00000 0.00000 0.00000 0.00000 0.00000 0.00000 0.00000 0.00000 0.00000 0.00000 0.00000 0.00000 0.00000 0.00000 0.00000 0.00000 0.11765 0.19883 0.24074 0.18926 0.18585 0.18908 0.18324 0.19006 0.18324 0.17836 0.17154 0.19201 0.19298 0.19103 0.54928 0.19103 0.19103 0.20078 0.19006 0.16795 0.22807 0.21057 0.18755 
0.00000 0.00000 0.00000 0.00000 0.00000 0.00000 0.00000 0.00000 0.00000 0.00000 0.00000 0.00000 0.00000 0.00000 0.00000 0.00000 0.00000 0.00000 0.00000 0.00000 0.00000 0.00000 0.00000 0.00000 0.00000 0.00000 0.00000 0.00000 0.19883 0.26316 0.20801 0.20631 0.20078 0.20078 0.19981 0.20468 0.19786 0.16959 0.20175 0.20273 0.20175 0.22080 0.20078 0.20175 0.19786 0.19981 0.19778 0.23977 0.22080 0.17050 
0.00000 0.00000 0.00000 0.00000 0.00000 0.00000 0.00000 0.00000 0.00000 0.00000 0.00000 0.00000 0.00000 0.00000 0.00000 0.00000 0.00000 0.00000 0.00000 0.00000 0.00000 0.00000 0.00000 0.00000 0.00000 0.00000 0.00000 0.00000 0.00000 0.22612 0.19103 0.19396 0.18811 0.16179 0.16569 0.16667 0.17251 0.12963 0.16764 0.16862 0.16764 0.10916 0.16667 0.16764 0.15400 0.16667 0.26023 0.27583 0.26608 0.20370 
0.00000 0.00000 0.00000 0.00000 0.00000 0.00000 0.00000 0.00000 0.00000 0.00000 0.00000 0.00000 0.00000 0.00000 0.00000 0.00000 0.00000 0.00000 0.00000 0.00000 0.00000 0.00000 0.00000 0.00000 0.00000 0.00000 0.00000 0.00000 0.00000 0.00000 0.19688 0.19883 0.19883 0.20370 0.21832 0.21930 0.19006 0.18811 0.21637 0.21735 0.21735 0.17349 0.21832 0.21735 0.24561 0.21540 0.32359 0.31384 0.29922 0.23977 
0.00000 0.00000 0.00000 0.00000 0.00000 0.00000 0.00000 0.00000 0.00000 0.00000 0.00000 0.00000 0.00000 0.00000 0.00000 0.00000 0.00000 0.00000 0.00000 0.00000 0.00000 0.00000 0.00000 0.00000 0.00000 0.00000 0.00000 0.00000 0.00000 0.00000 0.00000 0.01449 0.09064 0.15010 0.14230 0.14230 0.09162 0.13548 0.14035 0.14133 0.14133 0.18926 0.14133 0.14133 0.18226 0.13938 0.26513 0.28070 0.24979 0.20887 
0.00000 0.00000 0.00000 0.00000 0.00000 0.00000 0.00000 0.00000 0.00000 0.00000 0.00000 0.00000 0.00000 0.00000 0.00000 0.00000 0.00000 0.00000 0.00000 0.00000 0.00000 0.00000 0.00000 0.00000 0.00000 0.00000 0.00000 0.00000 0.00000 0.00000 0.00000 0.00000 0.09454 0.15205 0.14327 0.14815 0.09649 0.13840 0.14035 0.14133 0.14133 0.18926 0.14133 0.14133 0.18226 0.13840 0.26172 0.27875 0.24808 0.21142 
0.00000 0.00000 0.00000 0.00000 0.00000 0.00000 0.00000 0.00000 0.00000 0.00000 0.00000 0.00000 0.00000 0.00000 0.00000 0.00000 0.00000 0.00000 0.00000 0.00000 0.00000 0.00000 0.00000 0.00000 0.00000 0.00000 0.00000 0.00000 0.00000 0.00000 0.00000 0.00000 0.00000 0.14230 0.14717 0.15400 0.08869 0.13060 0.14522 0.14620 0.14620 0.10136 0.14522 0.14620 0.18129 0.14425 0.26218 0.27680 0.26121 0.19591 
0.00000 0.00000 0.00000 0.00000 0.00000 0.00000 0.00000 0.00000 0.00000 0.00000 0.00000 0.00000 0.00000 0.00000 0.00000 0.00000 0.00000 0.00000 0.00000 0.00000 0.00000 0.00000 0.00000 0.00000 0.00000 0.00000 0.00000 0.00000 0.00000 0.00000 0.00000 0.00000 0.00000 0.00000 0.13645 0.14815 0.15010 0.10624 0.13840 0.13938 0.13938 0.08869 0.13840 0.13938 0.16959 0.13743 0.24172 0.26023 0.24269 0.19786 
0.00000 0.00000 0.00000 0.00000 0.00000 0.00000 0.00000 0.00000 0.00000 0.00000 0.00000 0.00000 0.00000 0.00000 0.00000 0.00000 0.00000 0.00000 0.00000 0.00000 0.00000 0.00000 0.00000 0.00000 0.00000 0.00000 0.00000 0.00000 0.00000 0.00000 0.00000 0.00000 0.00000 0.00000 0.00000 0.13743 0.14133 0.11306 0.01365 0.01267 0.01462 0.00585 0.01559 0.01462 0.15107 0.01559 0.24854 0.25536 0.23977 0.20858 
0.00000 0.00000 0.00000 0.00000 0.00000 0.00000 0.00000 0.00000 0.00000 0.00000 0.00000 0.00000 0.00000 0.00000 0.00000 0.00000 0.00000 0.00000 0.00000 0.00000 0.00000 0.00000 0.00000 0.00000 0.00000 0.00000 0.00000 0.00000 0.00000 0.00000 0.00000 0.00000 0.00000 0.00000 0.00000 0.00000 0.14230 0.11501 0.14327 0.14425 0.14425 0.07602 0.14425 0.14425 0.16764 0.14230 0.24756 0.26511 0.25731 0.20078 
0.00000 0.00000 0.00000 0.00000 0.00000 0.00000 0.00000 0.00000 0.00000 0.00000 0.00000 0.00000 0.00000 0.00000 0.00000 0.00000 0.00000 0.00000 0.00000 0.00000 0.00000 0.00000 0.00000 0.00000 0.00000 0.00000 0.00000 0.00000 0.00000 0.00000 0.00000 0.00000 0.00000 0.00000 0.00000 0.00000 0.00000 0.12281 0.14133 0.14230 0.14230 0.08772 0.14327 0.14230 0.16277 0.14035 0.25536 0.26413 0.24854 0.19201 
0.00000 0.00000 0.00000 0.00000 0.00000 0.00000 0.00000 0.00000 0.00000 0.00000 0.00000 0.00000 0.00000 0.00000 0.00000 0.00000 0.00000 0.00000 0.00000 0.00000 0.00000 0.00000 0.00000 0.00000 0.00000 0.00000 0.00000 0.00000 0.00000 0.00000 0.00000 0.00000 0.00000 0.00000 0.00000 0.00000 0.00000 0.00000 0.11891 0.11988 0.11988 0.05068 0.12086 0.11988 0.13548 0.11793 0.23294 0.24464 0.23099 0.16569 
0.00000 0.00000 0.00000 0.00000 0.00000 0.00000 0.00000 0.00000 0.00000 0.00000 0.00000 0.00000 0.00000 0.00000 0.00000 0.00000 0.00000 0.00000 0.00000 0.00000 0.00000 0.00000 0.00000 0.00000 0.00000 0.00000 0.00000 0.00000 0.00000 0.00000 0.00000 0.00000 0.00000 0.00000 0.00000 0.00000 0.00000 0.00000 0.00000 0.00097 0.00097 0.00000 0.00195 0.00097 0.15400 0.00195 0.25049 0.25731 0.24366 0.20858 
0.00000 0.00000 0.00000 0.00000 0.00000 0.00000 0.00000 0.00000 0.00000 0.00000 0.00000 0.00000 0.00000 0.00000 0.00000 0.00000 0.00000 0.00000 0.00000 0.00000 0.00000 0.00000 0.00000 0.00000 0.00000 0.00000 0.00000 0.00000 0.00000 0.00000 0.00000 0.00000 0.00000 0.00000 0.00000 0.00000 0.00000 0.00000 0.00000 0.00000 0.00195 0.00097 0.00292 0.00195 0.15497 0.00292 0.25146 0.25828 0.24366 0.20955 
0.00000 0.00000 0.00000 0.00000 0.00000 0.00000 0.00000 0.00000 0.00000 0.00000 0.00000 0.00000 0.00000 0.00000 0.00000 0.00000 0.00000 0.00000 0.00000 0.00000 0.00000 0.00000 0.00000 0.00000 0.00000 0.00000 0.00000 0.00000 0.00000 0.00000 0.00000 0.00000 0.00000 0.00000 0.00000 0.00000 0.00000 0.00000 0.00000 0.00000 0.00000 0.00097 0.00292 0.00000 0.15497 0.00292 0.25049 0.25828 0.24366 0.20858 
0.00000 0.00000 0.00000 0.00000 0.00000 0.00000 0.00000 0.00000 0.00000 0.00000 0.00000 0.00000 0.00000 0.00000 0.00000 0.00000 0.00000 0.00000 0.00000 0.00000 0.00000 0.00000 0.00000 0.00000 0.00000 0.00000 0.00000 0.00000 0.00000 0.00000 0.00000 0.00000 0.00000 0.00000 0.00000 0.00000 0.00000 0.00000 0.00000 0.00000 0.00000 0.00000 0.00097 0.00097 0.09942 0.00000 0.28218 0.21248 0.27962 0.23700 
0.00000 0.00000 0.00000 0.00000 0.00000 0.00000 0.00000 0.00000 0.00000 0.00000 0.00000 0.00000 0.00000 0.00000 0.00000 0.00000 0.00000 0.00000 0.00000 0.00000 0.00000 0.00000 0.00000 0.00000 0.00000 0.00000 0.00000 0.00000 0.00000 0.00000 0.00000 0.00000 0.00000 0.00000 0.00000 0.00000 0.00000 0.00000 0.00000 0.00000 0.00000 0.00000 0.00000 0.00292 0.15497 0.00390 0.24951 0.25634 0.24269 0.20955 
0.00000 0.00000 0.00000 0.00000 0.00000 0.00000 0.00000 0.00000 0.00000 0.00000 0.00000 0.00000 0.00000 0.00000 0.00000 0.00000 0.00000 0.00000 0.00000 0.00000 0.00000 0.00000 0.00000 0.00000 0.00000 0.00000 0.00000 0.00000 0.00000 0.00000 0.00000 0.00000 0.00000 0.00000 0.00000 0.00000 0.00000 0.00000 0.00000 0.00000 0.00000 0.00000 0.00000 0.00000 0.15497 0.00292 0.25049 0.25828 0.24366 0.20858 
0.00000 0.00000 0.00000 0.00000 0.00000 0.00000 0.00000 0.00000 0.00000 0.00000 0.00000 0.00000 0.00000 0.00000 0.00000 0.00000 0.00000 0.00000 0.00000 0.00000 0.00000 0.00000 0.00000 0.00000 0.00000 0.00000 0.00000 0.00000 0.00000 0.00000 0.00000 0.00000 0.00000 0.00000 0.00000 0.00000 0.00000 0.00000 0.00000 0.00000 0.00000 0.00000 0.00000 0.00000 0.00000 0.15302 0.25634 0.27875 0.24366 0.21637 
0.00000 0.00000 0.00000 0.00000 0.00000 0.00000 0.00000 0.00000 0.00000 0.00000 0.00000 0.00000 0.00000 0.00000 0.00000 0.00000 0.00000 0.00000 0.00000 0.00000 0.00000 0.00000 0.00000 0.00000 0.00000 0.00000 0.00000 0.00000 0.00000 0.00000 0.00000 0.00000 0.00000 0.00000 0.00000 0.00000 0.00000 0.00000 0.00000 0.00000 0.00000 0.00000 0.00000 0.00000 0.00000 0.00000 0.24951 0.25536 0.24172 0.20858 
0.00000 0.00000 0.00000 0.00000 0.00000 0.00000 0.00000 0.00000 0.00000 0.00000 0.00000 0.00000 0.00000 0.00000 0.00000 0.00000 0.00000 0.00000 0.00000 0.00000 0.00000 0.00000 0.00000 0.00000 0.00000 0.00000 0.00000 0.00000 0.00000 0.00000 0.00000 0.00000 0.00000 0.00000 0.00000 0.00000 0.00000 0.00000 0.00000 0.00000 0.00000 0.00000 0.00000 0.00000 0.00000 0.00000 0.00000 0.26998 0.25916 0.23615 
0.00000 0.00000 0.00000 0.00000 0.00000 0.00000 0.00000 0.00000 0.00000 0.00000 0.00000 0.00000 0.00000 0.00000 0.00000 0.00000 0.00000 0.00000 0.00000 0.00000 0.00000 0.00000 0.00000 0.00000 0.00000 0.00000 0.00000 0.00000 0.00000 0.00000 0.00000 0.00000 0.00000 0.00000 0.00000 0.00000 0.00000 0.00000 0.00000 0.00000 0.00000 0.00000 0.00000 0.00000 0.00000 0.00000 0.00000 0.00000 0.16179 0.24561 
0.00000 0.00000 0.00000 0.00000 0.00000 0.00000 0.00000 0.00000 0.00000 0.00000 0.00000 0.00000 0.00000 0.00000 0.00000 0.00000 0.00000 0.00000 0.00000 0.00000 0.00000 0.00000 0.00000 0.00000 0.00000 0.00000 0.00000 0.00000 0.00000 0.00000 0.00000 0.00000 0.00000 0.00000 0.00000 0.00000 0.00000 0.00000 0.00000 0.00000 0.00000 0.00000 0.00000 0.00000 0.00000 0.00000 0.00000 0.00000 0.00000 0.22421 
0.00000 0.00000 0.00000 0.00000 0.00000 0.00000 0.00000 0.00000 0.00000 0.00000 0.00000 0.00000 0.00000 0.00000 0.00000 0.00000 0.00000 0.00000 0.00000 0.00000 0.00000 0.00000 0.00000 0.00000 0.00000 0.00000 0.00000 0.00000 0.00000 0.00000 0.00000 0.00000 0.00000 0.00000 0.00000 0.00000 0.00000 0.00000 0.00000 0.00000 0.00000 0.00000 0.00000 0.00000 0.00000 0.00000 0.00000 0.00000 0.00000 0.00000 
