0.00000 0.40163 0.48618 0.53171 0.45203 0.45274 0.28780 0.39247 0.38211 0.43791 0.43252 0.45366 0.79187 0.40325 0.67642 0.45854 0.43577 0.92683 0.35610 0.34959 0.65691 0.37398 0.38333 0.34333 0.41789 0.39187 0.64878 0.62927 0.80000 0.90732 0.93186 0.91057 0.93496 0.42114 0.40163 0.40325 0.44228 0.40650 0.95447 0.84065 0.75285 0.43415 0.42439 0.93171 0.39837 0.46233 0.43252 0.45854 0.93333 0.93496 1.00000 0.39350 0.44463 0.90620 0.46016 0.32683 0.45528 0.40488 0.45854 0.50569 0.41301 0.40000 0.90244 0.90244 0.70894 0.93333 
0.00000 0.00000 0.41063 0.48485 0.41506 0.42786 0.36748 0.13710 0.19094 0.40523 0.40325 0.44391 0.75598 0.40510 0.63622 0.38462 0.36058 0.92663 0.40829 0.36683 0.66188 0.32367 0.20000 0.23167 0.20065 0.37321 0.61404 0.65545 0.79107 0.87719 0.91713 0.90750 0.93461 0.34609 0.32528 0.33011 0.37037 0.33011 0.95375 0.83254 0.74641 0.35304 0.34609 0.92823 0.32206 0.34589 0.37480 0.37340 0.92504 0.92982 1.00000 0.43541 0.38599 0.90452 0.42468 0.38437 0.42029 0.34609 0.35726 0.41224 0.39103 0.33011 0.90112 0.90112 0.65049 0.92982 
0.00000 0.00000 0.00000 0.53140 0.46055 0.46932 0.44878 0.39785 0.38673 0.43954 0.44878 0.46216 0.78100 0.45089 0.68599 0.31723 0.31884 0.92915 0.46055 0.46538 0.63446 0.39614 0.39500 0.37500 0.44984 0.43639 0.66667 0.62158 0.77617 0.88728 0.91897 0.90660 0.93720 0.40097 0.41707 0.42351 0.43478 0.42351 0.95491 0.81804 0.71337 0.41546 0.40580 0.93398 0.41707 0.49315 0.41868 0.41868 0.92754 0.92915 1.00000 0.49275 0.42508 0.90452 0.43639 0.43800 0.40419 0.42673 0.45894 0.51369 0.44605 0.43478 0.90177 0.90499 0.69094 0.93076 
0.00000 0.00000 0.00000 0.00000 0.29487 0.56385 0.51707 0.36290 0.50485 0.44608 0.45203 0.35737 0.79841 0.52698 0.70353 0.47115 0.50000 0.92698 0.48730 0.48413 0.68889 0.45894 0.50500 0.49333 0.49515 0.48730 0.69048 0.67147 0.79048 0.89683 0.92265 0.92698 0.93492 0.47619 0.46860 0.47182 0.47504 0.47182 0.95238 0.80635 0.75397 0.47125 0.51675 0.93016 0.46538 0.39726 0.46508 0.47276 0.91905 0.94762 1.00000 0.50874 0.47557 0.90452 0.56250 0.46825 0.52335 0.47619 0.49048 0.50081 0.26442 0.46860 0.92381 0.91111 0.69903 0.93175 
0.00000 0.00000 0.00000 0.00000 0.00000 0.49585 0.41626 0.31183 0.39644 0.37745 0.37398 0.20673 0.75801 0.43750 0.67949 0.39103 0.40385 0.92788 0.40865 0.43269 0.64904 0.32528 0.40167 0.40000 0.41424 0.36058 0.66026 0.62340 0.79327 0.89904 0.91897 0.92628 0.93429 0.37981 0.38486 0.39130 0.40097 0.38969 0.95032 0.81250 0.75000 0.39744 0.41667 0.92949 0.38325 0.34247 0.36218 0.39263 0.91667 0.94712 1.00000 0.46474 0.42182 0.90787 0.46635 0.39583 0.45250 0.39423 0.43429 0.41063 0.14103 0.38647 0.92147 0.91186 0.67152 0.93109 
0.00000 0.00000 0.00000 0.00000 0.00000 0.00000 0.44610 0.42742 0.42952 0.48590 0.47595 0.50746 0.75788 0.30182 0.67164 0.43615 0.44942 0.92537 0.44776 0.44444 0.65672 0.38806 0.43833 0.41333 0.45937 0.44942 0.64179 0.66501 0.78773 0.87728 0.91897 0.90547 0.93367 0.44113 0.42620 0.42454 0.47264 0.43449 0.95191 0.81426 0.73134 0.44776 0.45937 0.92869 0.42620 0.57534 0.47098 0.47264 0.92537 0.93035 1.00000 0.46103 0.45439 0.90620 0.40133 0.41791 0.35489 0.43449 0.45439 0.51244 0.47430 0.44113 0.89884 0.90050 0.67164 0.92703 
0.00000 0.00000 0.00000 0.00000 0.00000 0.00000 0.00000 0.38172 0.37236 0.41176 0.41138 0.44065 0.76911 0.40325 0.65041 0.40650 0.39837 0.92683 0.37886 0.35122 0.66829 0.35935 0.36500 0.34667 0.40000 0.37724 0.61138 0.63577 0.79350 0.90081 0.91897 0.91057 0.93496 0.36911 0.36911 0.37398 0.39837 0.37398 0.95285 0.81789 0.74634 0.40325 0.37073 0.93171 0.36748 0.45890 0.39187 0.40650 0.92520 0.92846 1.00000 0.34797 0.43160 0.90285 0.45366 0.26667 0.44390 0.39837 0.43902 0.46179 0.39024 0.37398 0.90407 0.90407 0.69268 0.93171 
0.00000 0.00000 0.00000 0.00000 0.00000 0.00000 0.00000 0.00000 0.22581 0.39785 0.38710 0.37634 0.74194 0.37366 0.72581 0.29570 0.29570 0.93011 0.33333 0.27688 0.67473 0.26882 0.25806 0.28226 0.17473 0.29301 0.67204 0.68817 0.78495 0.88441 0.88710 0.93280 0.93817 0.28763 0.26882 0.27688 0.35753 0.27151 0.93548 0.82527 0.71237 0.31989 0.31452 0.93011 0.26882 0.40068 0.31183 0.35484 0.92204 0.96774 1.00000 0.40860 0.35484 0.93280 0.45430 0.33602 0.39785 0.26344 0.35215 0.33333 0.29301 0.27151 0.91667 0.93011 0.68548 0.90860 
0.00000 0.00000 0.00000 0.00000 0.00000 0.00000 0.00000 0.00000 0.00000 0.38562 0.38374 0.43851 0.76214 0.37540 0.63269 0.37217 0.32848 0.92557 0.39159 0.33819 0.63916 0.31553 0.18833 0.24500 0.23139 0.35922 0.61650 0.62621 0.78641 0.87864 0.91897 0.90615 0.93366 0.32524 0.30583 0.31230 0.37217 0.31068 0.95146 0.82524 0.72330 0.32686 0.32362 0.92718 0.30583 0.35959 0.35599 0.36893 0.92395 0.92880 1.00000 0.42880 0.36156 0.90452 0.37217 0.35437 0.40615 0.31877 0.36084 0.42395 0.37864 0.31230 0.89968 0.89968 0.66505 0.92880 
0.00000 0.00000 0.00000 0.00000 0.00000 0.00000 0.00000 0.00000 0.00000 0.00000 0.06699 0.42320 0.76144 0.42810 0.68954 0.39542 0.40033 0.92974 0.36765 0.38725 0.63072 0.30556 0.37667 0.40333 0.40850 0.37582 0.64706 0.63072 0.77614 0.88235 0.91529 0.91013 0.93791 0.33987 0.35621 0.36111 0.34967 0.35948 0.95261 0.81863 0.73039 0.35131 0.37092 0.93137 0.35458 0.38699 0.36601 0.34477 0.92810 0.93137 1.00000 0.42484 0.40033 0.90620 0.44444 0.38235 0.41013 0.35458 0.40033 0.43627 0.36928 0.36438 0.90196 0.90033 0.69118 0.91993 
0.00000 0.00000 0.00000 0.00000 0.00000 0.00000 0.00000 0.00000 0.00000 0.00000 0.00000 0.41626 0.75122 0.42439 0.69268 0.40650 0.40813 0.93008 0.36748 0.38699 0.63577 0.30894 0.37167 0.39500 0.41301 0.38211 0.64228 0.63577 0.77886 0.88293 0.91529 0.91057 0.93821 0.34146 0.36098 0.36585 0.37561 0.36423 0.95285 0.81789 0.73333 0.36911 0.36911 0.93333 0.35935 0.39384 0.36423 0.36911 0.92846 0.93171 1.00000 0.42764 0.40228 0.90787 0.44228 0.38049 0.43740 0.35610 0.41463 0.43089 0.36585 0.36911 0.90244 0.90244 0.68943 0.91870 
0.00000 0.00000 0.00000 0.00000 0.00000 0.00000 0.00000 0.00000 0.00000 0.00000 0.00000 0.00000 0.75321 0.42788 0.68269 0.40064 0.42788 0.92628 0.40385 0.47276 0.64744 0.36715 0.43167 0.40500 0.45307 0.39904 0.65545 0.63141 0.79808 0.89904 0.91897 0.92628 0.93429 0.40865 0.42029 0.42351 0.43639 0.42351 0.95192 0.81410 0.75801 0.42308 0.44231 0.92949 0.41707 0.44863 0.39904 0.42788 0.91827 0.94712 1.00000 0.47756 0.43322 0.90452 0.46314 0.41506 0.44928 0.42949 0.46474 0.43800 0.20032 0.42029 0.92147 0.91026 0.66828 0.93269 
0.00000 0.00000 0.00000 0.00000 0.00000 0.00000 0.00000 0.00000 0.00000 0.00000 0.00000 0.00000 0.00000 0.77778 0.80769 0.76122 0.76122 0.92857 0.75238 0.78889 0.81746 0.74879 0.75000 0.74833 0.75081 0.79683 0.77937 0.79487 0.89048 0.91587 0.95212 0.93333 0.93492 0.75556 0.75845 0.76006 0.76812 0.76167 0.95714 0.89841 0.88730 0.76677 0.76236 0.94127 0.75684 0.82534 0.76508 0.77724 0.93333 0.96032 1.00000 0.78219 0.76221 0.91625 0.79487 0.75714 0.79227 0.76825 0.76825 0.78261 0.76122 0.76490 0.94762 0.93016 0.80906 0.94921 
0.00000 0.00000 0.00000 0.00000 0.00000 0.00000 0.00000 0.00000 0.00000 0.00000 0.00000 0.00000 0.00000 0.00000 0.68109 0.40705 0.42147 0.93146 0.42212 0.41745 0.64476 0.33816 0.37833 0.34333 0.42233 0.40187 0.65732 0.64744 0.79717 0.89408 0.91897 0.91900 0.93925 0.40442 0.40419 0.40419 0.45089 0.40902 0.95327 0.82547 0.72586 0.41374 0.42424 0.93458 0.40097 0.49315 0.42925 0.44551 0.92991 0.94237 1.00000 0.45310 0.44788 0.90620 0.25801 0.40654 0.24638 0.42991 0.48442 0.45411 0.40705 0.40741 0.91277 0.90810 0.65534 0.93146 
0.00000 0.00000 0.00000 0.00000 0.00000 0.00000 0.00000 0.00000 0.00000 0.00000 0.00000 0.00000 0.00000 0.00000 0.00000 0.70353 0.68109 0.92788 0.66506 0.66506 0.77083 0.65862 0.63833 0.64500 0.66343 0.68590 0.52404 0.75000 0.84936 0.92788 0.94291 0.93109 0.93590 0.67628 0.67150 0.67633 0.67794 0.67633 0.95833 0.84135 0.82212 0.67788 0.68109 0.92949 0.67150 0.71918 0.67949 0.67788 0.93429 0.95994 1.00000 0.68910 0.67915 0.90117 0.71154 0.65385 0.71014 0.68910 0.67949 0.70853 0.66987 0.68438 0.93590 0.91026 0.68770 0.94071 
0.00000 0.00000 0.00000 0.00000 0.00000 0.00000 0.00000 0.00000 0.00000 0.00000 0.00000 0.00000 0.00000 0.00000 0.00000 0.00000 0.28686 0.92949 0.42628 0.42468 0.61218 0.37520 0.35333 0.34500 0.40939 0.41346 0.67468 0.60897 0.80128 0.90064 0.91713 0.92949 0.93750 0.38141 0.39291 0.39775 0.41224 0.39614 0.93269 0.82372 0.72596 0.38942 0.38782 0.93429 0.38969 0.44521 0.39263 0.39263 0.91987 0.95192 1.00000 0.44872 0.39414 0.90787 0.43590 0.39263 0.39291 0.38301 0.44071 0.45572 0.38782 0.39936 0.92308 0.91346 0.64725 0.92949 
0.00000 0.00000 0.00000 0.00000 0.00000 0.00000 0.00000 0.00000 0.00000 0.00000 0.00000 0.00000 0.00000 0.00000 0.00000 0.00000 0.00000 0.92788 0.43269 0.38782 0.64263 0.35105 0.34167 0.33333 0.37379 0.40385 0.64904 0.62660 0.79327 0.89263 0.91897 0.92147 0.93590 0.34936 0.34461 0.35427 0.35910 0.35105 0.94391 0.82051 0.72756 0.34776 0.33814 0.93269 0.34461 0.34589 0.35737 0.34936 0.92628 0.94231 1.00000 0.47436 0.37948 0.90452 0.42788 0.41667 0.40741 0.35897 0.38782 0.43156 0.40224 0.36232 0.91506 0.91346 0.65696 0.93109 
0.00000 0.00000 0.00000 0.00000 0.00000 0.00000 0.00000 0.00000 0.00000 0.00000 0.00000 0.00000 0.00000 0.00000 0.00000 0.00000 0.00000 0.00000 0.92966 0.92934 0.93271 0.92915 0.92333 0.92333 0.92718 0.93210 0.92835 0.92788 0.92925 0.81712 0.84346 0.84955 0.83398 0.92575 0.92593 0.92593 0.92754 0.92754 0.89233 0.93396 0.92991 0.92812 0.92982 0.74597 0.92593 0.93836 0.92767 0.92628 0.80934 0.86589 1.00000 0.92687 0.92508 0.92797 0.92788 0.92901 0.92915 0.92934 0.93364 0.92593 0.92628 0.92754 0.83658 0.74362 0.92718 0.89765 
0.00000 0.00000 0.00000 0.00000 0.00000 0.00000 0.00000 0.00000 0.00000 0.00000 0.00000 0.00000 0.00000 0.00000 0.00000 0.00000 0.00000 0.00000 0.00000 0.32412 0.66667 0.34944 0.39500 0.38167 0.40777 0.41821 0.66044 0.64103 0.77673 0.89908 0.92081 0.91284 0.93731 0.38231 0.39614 0.39936 0.41868 0.39936 0.96024 0.80975 0.74766 0.38818 0.39872 0.93272 0.39291 0.51712 0.41824 0.41186 0.92813 0.92661 1.00000 0.38156 0.42508 0.90117 0.46955 0.36883 0.43317 0.41935 0.48457 0.46699 0.37340 0.41063 0.90520 0.90061 0.70712 0.93731 
0.00000 0.00000 0.00000 0.00000 0.00000 0.00000 0.00000 0.00000 0.00000 0.00000 0.00000 0.00000 0.00000 0.00000 0.00000 0.00000 0.00000 0.00000 0.00000 0.00000 0.67136 0.35588 0.35167 0.33500 0.37217 0.42438 0.64174 0.66346 0.79560 0.88633 0.93370 0.91398 0.93702 0.38231 0.37681 0.38164 0.40741 0.38164 0.95545 0.83176 0.73520 0.39457 0.36364 0.93548 0.37198 0.41096 0.41981 0.40385 0.92780 0.93088 1.00000 0.42289 0.42671 0.90117 0.46154 0.37963 0.43156 0.39171 0.46142 0.45894 0.39904 0.39130 0.92166 0.90783 0.69417 0.94931 
0.00000 0.00000 0.00000 0.00000 0.00000 0.00000 0.00000 0.00000 0.00000 0.00000 0.00000 0.00000 0.00000 0.00000 0.00000 0.00000 0.00000 0.00000 0.00000 0.00000 0.00000 0.63124 0.63000 0.63833 0.67638 0.68388 0.76839 0.35897 0.83491 0.91862 0.93186 0.92958 0.94053 0.62085 0.62158 0.62480 0.65378 0.62641 0.95149 0.87107 0.78873 0.61502 0.63317 0.91862 0.62158 0.70548 0.61635 0.65865 0.92175 0.95149 1.00000 0.69475 0.62866 0.91122 0.64744 0.63850 0.64251 0.61815 0.69797 0.67955 0.63942 0.63768 0.93897 0.89828 0.73948 0.94679 
0.00000 0.00000 0.00000 0.00000 0.00000 0.00000 0.00000 0.00000 0.00000 0.00000 0.00000 0.00000 0.00000 0.00000 0.00000 0.00000 0.00000 0.00000 0.00000 0.00000 0.00000 0.00000 0.29000 0.31333 0.35113 0.19002 0.63285 0.61353 0.77456 0.87762 0.91529 0.90982 0.93720 0.28824 0.29308 0.29952 0.33977 0.29952 0.95330 0.81965 0.72947 0.32689 0.30918 0.93076 0.29308 0.38014 0.32206 0.33333 0.92593 0.92915 1.00000 0.38164 0.36645 0.90285 0.36232 0.34138 0.36393 0.30435 0.36554 0.37520 0.31079 0.31079 0.90338 0.90016 0.67799 0.93076 
0.00000 0.00000 0.00000 0.00000 0.00000 0.00000 0.00000 0.00000 0.00000 0.00000 0.00000 0.00000 0.00000 0.00000 0.00000 0.00000 0.00000 0.00000 0.00000 0.00000 0.00000 0.00000 0.00000 0.21333 0.26500 0.34000 0.59500 0.62833 0.77667 0.87667 0.91897 0.90333 0.93167 0.32167 0.30167 0.30833 0.36500 0.30667 0.95000 0.81833 0.71000 0.33500 0.31000 0.92500 0.30167 0.41096 0.35000 0.36333 0.92167 0.92667 1.00000 0.40500 0.36000 0.90452 0.38333 0.35167 0.39667 0.32167 0.35500 0.40167 0.38000 0.30833 0.89833 0.89667 0.65500 0.92833 
0.00000 0.00000 0.00000 0.00000 0.00000 0.00000 0.00000 0.00000 0.00000 0.00000 0.00000 0.00000 0.00000 0.00000 0.00000 0.00000 0.00000 0.00000 0.00000 0.00000 0.00000 0.00000 0.00000 0.00000 0.28167 0.35833 0.60833 0.61667 0.78333 0.87667 0.91713 0.90333 0.93167 0.33000 0.31500 0.32000 0.38167 0.32000 0.95000 0.82000 0.72167 0.36000 0.32833 0.92833 0.31167 0.41096 0.35667 0.37167 0.92167 0.92667 1.00000 0.40500 0.36167 0.90620 0.36667 0.34667 0.36833 0.33667 0.37667 0.42000 0.37667 0.32000 0.89667 0.90000 0.64000 0.92667 
0.00000 0.00000 0.00000 0.00000 0.00000 0.00000 0.00000 0.00000 0.00000 0.00000 0.00000 0.00000 0.00000 0.00000 0.00000 0.00000 0.00000 0.00000 0.00000 0.00000 0.00000 0.00000 0.00000 0.00000 0.00000 0.40291 0.63916 0.66990 0.78317 0.87702 0.91897 0.90615 0.93366 0.38026 0.35599 0.36246 0.40129 0.36084 0.95146 0.82524 0.73625 0.36570 0.37055 0.92718 0.35599 0.34589 0.40291 0.39806 0.92395 0.92880 1.00000 0.45793 0.40391 0.90452 0.44822 0.40453 0.44337 0.36084 0.37379 0.45146 0.40453 0.36246 0.90129 0.90129 0.67799 0.93042 
0.00000 0.00000 0.00000 0.00000 0.00000 0.00000 0.00000 0.00000 0.00000 0.00000 0.00000 0.00000 0.00000 0.00000 0.00000 0.00000 0.00000 0.00000 0.00000 0.00000 0.00000 0.00000 0.00000 0.00000 0.00000 0.00000 0.63084 0.62179 0.78774 0.89815 0.91529 0.91358 0.93981 0.35071 0.34622 0.34783 0.39452 0.35105 0.95525 0.82704 0.72897 0.38179 0.37480 0.93364 0.34300 0.40068 0.39151 0.37500 0.92901 0.93210 1.00000 0.39746 0.39251 0.90285 0.41186 0.38272 0.40258 0.38580 0.43673 0.38808 0.34615 0.34622 0.90741 0.90432 0.72654 0.93364 
0.00000 0.00000 0.00000 0.00000 0.00000 0.00000 0.00000 0.00000 0.00000 0.00000 0.00000 0.00000 0.00000 0.00000 0.00000 0.00000 0.00000 0.00000 0.00000 0.00000 0.00000 0.00000 0.00000 0.00000 0.00000 0.00000 0.00000 0.71474 0.83648 0.92523 0.92449 0.92679 0.93614 0.66351 0.65378 0.65700 0.64734 0.65862 0.95794 0.83805 0.81153 0.66134 0.65710 0.93146 0.65378 0.71575 0.66981 0.65064 0.93458 0.95327 1.00000 0.66137 0.66450 0.90285 0.68910 0.62305 0.65539 0.68380 0.66978 0.65056 0.65705 0.65700 0.91745 0.91121 0.68932 0.92368 
0.00000 0.00000 0.00000 0.00000 0.00000 0.00000 0.00000 0.00000 0.00000 0.00000 0.00000 0.00000 0.00000 0.00000 0.00000 0.00000 0.00000 0.00000 0.00000 0.00000 0.00000 0.00000 0.00000 0.00000 0.00000 0.00000 0.00000 0.00000 0.80769 0.92308 0.93186 0.92788 0.93590 0.61538 0.61836 0.62480 0.63768 0.62319 0.94872 0.85096 0.75801 0.61378 0.63462 0.92949 0.61675 0.65753 0.60096 0.64103 0.92628 0.95833 1.00000 0.66506 0.61564 0.89112 0.64423 0.61538 0.65378 0.61218 0.67308 0.67311 0.62340 0.63607 0.92628 0.91026 0.72816 0.93109 
0.00000 0.00000 0.00000 0.00000 0.00000 0.00000 0.00000 0.00000 0.00000 0.00000 0.00000 0.00000 0.00000 0.00000 0.00000 0.00000 0.00000 0.00000 0.00000 0.00000 0.00000 0.00000 0.00000 0.00000 0.00000 0.00000 0.00000 0.00000 0.00000 0.91038 0.93002 0.91352 0.93396 0.78989 0.78905 0.78744 0.79227 0.79066 0.96069 0.58333 0.49057 0.78115 0.80223 0.93553 0.78905 0.80137 0.80818 0.79327 0.93239 0.93396 1.00000 0.76471 0.77362 0.90452 0.79006 0.77516 0.78100 0.79403 0.80031 0.81320 0.79167 0.79066 0.90881 0.90881 0.82039 0.93711 
0.00000 0.00000 0.00000 0.00000 0.00000 0.00000 0.00000 0.00000 0.00000 0.00000 0.00000 0.00000 0.00000 0.00000 0.00000 0.00000 0.00000 0.00000 0.00000 0.00000 0.00000 0.00000 0.00000 0.00000 0.00000 0.00000 0.00000 0.00000 0.00000 0.00000 0.47145 0.43969 0.51809 0.87994 0.87601 0.87601 0.87923 0.87923 0.85103 0.93396 0.91277 0.88339 0.88038 0.78360 0.87601 0.87671 0.89623 0.87821 0.49871 0.51302 1.00000 0.89984 0.87459 0.93802 0.87981 0.90123 0.88245 0.88172 0.88735 0.89855 0.90064 0.87762 0.42153 0.86443 0.90777 0.87967 
0.00000 0.00000 0.00000 0.00000 0.00000 0.00000 0.00000 0.00000 0.00000 0.00000 0.00000 0.00000 0.00000 0.00000 0.00000 0.00000 0.00000 0.00000 0.00000 0.00000 0.00000 0.00000 0.00000 0.00000 0.00000 0.00000 0.00000 0.00000 0.00000 0.00000 0.00000 0.50460 0.50645 0.91529 0.91529 0.91529 0.91529 0.91529 0.84530 0.93002 0.92818 0.91897 0.93002 0.77901 0.91529 0.87671 0.91529 0.91529 0.48987 0.53223 1.00000 0.91897 0.91529 0.96133 0.91713 0.92265 0.91897 0.91529 0.91897 0.91529 0.91897 0.91529 0.42541 0.85820 0.93186 0.84899 
0.00000 0.00000 0.00000 0.00000 0.00000 0.00000 0.00000 0.00000 0.00000 0.00000 0.00000 0.00000 0.00000 0.00000 0.00000 0.00000 0.00000 0.00000 0.00000 0.00000 0.00000 0.00000 0.00000 0.00000 0.00000 0.00000 0.00000 0.00000 0.00000 0.00000 0.00000 0.00000 0.55123 0.90995 0.90660 0.90660 0.90982 0.90821 0.85103 0.93553 0.91589 0.90895 0.91069 0.81855 0.90660 0.94178 0.92610 0.90865 0.55642 0.57161 1.00000 0.91097 0.90554 0.93635 0.90865 0.91358 0.91143 0.91091 0.91667 0.92915 0.92628 0.90821 0.41245 0.87517 0.92718 0.87275 
0.00000 0.00000 0.00000 0.00000 0.00000 0.00000 0.00000 0.00000 0.00000 0.00000 0.00000 0.00000 0.00000 0.00000 0.00000 0.00000 0.00000 0.00000 0.00000 0.00000 0.00000 0.00000 0.00000 0.00000 0.00000 0.00000 0.00000 0.00000 0.00000 0.00000 0.00000 0.00000 0.00000 0.93365 0.93398 0.93398 0.93559 0.93559 0.84218 0.93868 0.93458 0.93610 0.93780 0.82392 0.93398 0.94521 0.93553 0.93429 0.31008 0.39453 1.00000 0.93482 0.93322 0.93635 0.93590 0.93673 0.93720 0.93702 0.94136 0.93398 0.93429 0.93559 0.54086 0.87248 0.93528 0.88935 
0.00000 0.00000 0.00000 0.00000 0.00000 0.00000 0.00000 0.00000 0.00000 0.00000 0.00000 0.00000 0.00000 0.00000 0.00000 0.00000 0.00000 0.00000 0.00000 0.00000 0.00000 0.00000 0.00000 0.00000 0.00000 0.00000 0.00000 0.00000 0.00000 0.00000 0.00000 0.00000 0.00000 0.00000 0.12399 0.13043 0.28663 0.12560 0.95419 0.83412 0.72986 0.20288 0.21531 0.92891 0.12077 0.30137 0.17220 0.27885 0.92417 0.92891 1.00000 0.40700 0.21824 0.90285 0.40385 0.36651 0.37842 0.12796 0.33017 0.33333 0.35737 0.13849 0.90363 0.90047 0.67152 0.93207 
0.00000 0.00000 0.00000 0.00000 0.00000 0.00000 0.00000 0.00000 0.00000 0.00000 0.00000 0.00000 0.00000 0.00000 0.00000 0.00000 0.00000 0.00000 0.00000 0.00000 0.00000 0.00000 0.00000 0.00000 0.00000 0.00000 0.00000 0.00000 0.00000 0.00000 0.00000 0.00000 0.00000 0.00000 0.00000 0.01610 0.25604 0.01127 0.95330 0.83253 0.72464 0.16586 0.19807 0.92915 0.01127 0.23973 0.18035 0.26892 0.92432 0.92915 1.00000 0.40258 0.21661 0.90285 0.42190 0.38164 0.40419 0.12238 0.27375 0.32850 0.36393 0.03221 0.90016 0.90177 0.69417 0.92915 
0.00000 0.00000 0.00000 0.00000 0.00000 0.00000 0.00000 0.00000 0.00000 0.00000 0.00000 0.00000 0.00000 0.00000 0.00000 0.00000 0.00000 0.00000 0.00000 0.00000 0.00000 0.00000 0.00000 0.00000 0.00000 0.00000 0.00000 0.00000 0.00000 0.00000 0.00000 0.00000 0.00000 0.00000 0.00000 0.00000 0.25765 0.02093 0.95330 0.83092 0.72464 0.17391 0.20129 0.92754 0.01449 0.24658 0.18519 0.27214 0.92432 0.92915 1.00000 0.40258 0.21987 0.90620 0.42351 0.38486 0.40419 0.13205 0.27858 0.33011 0.37037 0.02576 0.90016 0.90177 0.69417 0.92915 
0.00000 0.00000 0.00000 0.00000 0.00000 0.00000 0.00000 0.00000 0.00000 0.00000 0.00000 0.00000 0.00000 0.00000 0.00000 0.00000 0.00000 0.00000 0.00000 0.00000 0.00000 0.00000 0.00000 0.00000 0.00000 0.00000 0.00000 0.00000 0.00000 0.00000 0.00000 0.00000 0.00000 0.00000 0.00000 0.00000 0.00000 0.26248 0.95169 0.83092 0.75040 0.24799 0.32528 0.92915 0.25604 0.08904 0.32528 0.10628 0.92593 0.93237 1.00000 0.44605 0.33550 0.90285 0.46377 0.41063 0.44605 0.29791 0.20773 0.30596 0.37842 0.26892 0.90338 0.89855 0.69903 0.92915 
0.00000 0.00000 0.00000 0.00000 0.00000 0.00000 0.00000 0.00000 0.00000 0.00000 0.00000 0.00000 0.00000 0.00000 0.00000 0.00000 0.00000 0.00000 0.00000 0.00000 0.00000 0.00000 0.00000 0.00000 0.00000 0.00000 0.00000 0.00000 0.00000 0.00000 0.00000 0.00000 0.00000 0.00000 0.00000 0.00000 0.00000 0.00000 0.95330 0.83414 0.72625 0.16425 0.19968 0.93076 0.01610 0.24658 0.18196 0.27375 0.92593 0.93076 1.00000 0.40419 0.21824 0.90452 0.42512 0.38647 0.41063 0.12399 0.27858 0.33172 0.36876 0.03543 0.90177 0.90338 0.69579 0.92915 
0.00000 0.00000 0.00000 0.00000 0.00000 0.00000 0.00000 0.00000 0.00000 0.00000 0.00000 0.00000 0.00000 0.00000 0.00000 0.00000 0.00000 0.00000 0.00000 0.00000 0.00000 0.00000 0.00000 0.00000 0.00000 0.00000 0.00000 0.00000 0.00000 0.00000 0.00000 0.00000 0.00000 0.00000 0.00000 0.00000 0.00000 0.00000 0.00000 0.96069 0.95950 0.95527 0.95534 0.85841 0.95330 0.93836 0.95126 0.95192 0.80236 0.85398 1.00000 0.95390 0.95603 0.96315 0.95353 0.95988 0.95491 0.95545 0.95679 0.95008 0.95032 0.95330 0.88348 0.86431 0.94337 0.68879 
0.00000 0.00000 0.00000 0.00000 0.00000 0.00000 0.00000 0.00000 0.00000 0.00000 0.00000 0.00000 0.00000 0.00000 0.00000 0.00000 0.00000 0.00000 0.00000 0.00000 0.00000 0.00000 0.00000 0.00000 0.00000 0.00000 0.00000 0.00000 0.00000 0.00000 0.00000 0.00000 0.00000 0.00000 0.00000 0.00000 0.00000 0.00000 0.00000 0.00000 0.59748 0.82268 0.83892 0.93553 0.83253 0.85616 0.83333 0.83173 0.93711 0.95755 1.00000 0.79014 0.81270 0.90955 0.82532 0.81289 0.81804 0.83491 0.83648 0.84058 0.81250 0.83414 0.93082 0.92296 0.81553 0.94025 
0.00000 0.00000 0.00000 0.00000 0.00000 0.00000 0.00000 0.00000 0.00000 0.00000 0.00000 0.00000 0.00000 0.00000 0.00000 0.00000 0.00000 0.00000 0.00000 0.00000 0.00000 0.00000 0.00000 0.00000 0.00000 0.00000 0.00000 0.00000 0.00000 0.00000 0.00000 0.00000 0.00000 0.00000 0.00000 0.00000 0.00000 0.00000 0.00000 0.00000 0.00000 0.72045 0.73844 0.93458 0.72464 0.75000 0.74528 0.74679 0.93302 0.94081 1.00000 0.76471 0.70847 0.90787 0.72596 0.72741 0.71498 0.72897 0.76324 0.77295 0.75481 0.72625 0.91121 0.90966 0.80744 0.93458 
0.00000 0.00000 0.00000 0.00000 0.00000 0.00000 0.00000 0.00000 0.00000 0.00000 0.00000 0.00000 0.00000 0.00000 0.00000 0.00000 0.00000 0.00000 0.00000 0.00000 0.00000 0.00000 0.00000 0.00000 0.00000 0.00000 0.00000 0.00000 0.00000 0.00000 0.00000 0.00000 0.00000 0.00000 0.00000 0.00000 0.00000 0.00000 0.00000 0.00000 0.00000 0.00000 0.25240 0.92971 0.17230 0.26712 0.24281 0.25481 0.92652 0.92971 1.00000 0.43450 0.26221 0.90285 0.42628 0.39137 0.40419 0.19010 0.29712 0.34783 0.38141 0.18196 0.90256 0.90256 0.67961 0.93131 
0.00000 0.00000 0.00000 0.00000 0.00000 0.00000 0.00000 0.00000 0.00000 0.00000 0.00000 0.00000 0.00000 0.00000 0.00000 0.00000 0.00000 0.00000 0.00000 0.00000 0.00000 0.00000 0.00000 0.00000 0.00000 0.00000 0.00000 0.00000 0.00000 0.00000 0.00000 0.00000 0.00000 0.00000 0.00000 0.00000 0.00000 0.00000 0.00000 0.00000 0.00000 0.00000 0.00000 0.93301 0.19807 0.33904 0.23764 0.31250 0.92823 0.93142 1.00000 0.42105 0.28502 0.90620 0.43590 0.37959 0.43317 0.23445 0.33174 0.35427 0.40224 0.21578 0.91547 0.90590 0.68932 0.94258 
0.00000 0.00000 0.00000 0.00000 0.00000 0.00000 0.00000 0.00000 0.00000 0.00000 0.00000 0.00000 0.00000 0.00000 0.00000 0.00000 0.00000 0.00000 0.00000 0.00000 0.00000 0.00000 0.00000 0.00000 0.00000 0.00000 0.00000 0.00000 0.00000 0.00000 0.00000 0.00000 0.00000 0.00000 0.00000 0.00000 0.00000 0.00000 0.00000 0.00000 0.00000 0.00000 0.00000 0.00000 0.92915 0.93836 0.92925 0.92788 0.79839 0.85081 1.00000 0.92846 0.92834 0.93300 0.93109 0.93210 0.93237 0.92934 0.93519 0.92915 0.92949 0.92915 0.80242 0.75134 0.93204 0.90733 
0.00000 0.00000 0.00000 0.00000 0.00000 0.00000 0.00000 0.00000 0.00000 0.00000 0.00000 0.00000 0.00000 0.00000 0.00000 0.00000 0.00000 0.00000 0.00000 0.00000 0.00000 0.00000 0.00000 0.00000 0.00000 0.00000 0.00000 0.00000 0.00000 0.00000 0.00000 0.00000 0.00000 0.00000 0.00000 0.00000 0.00000 0.00000 0.00000 0.00000 0.00000 0.00000 0.00000 0.00000 0.00000 0.23973 0.18196 0.26731 0.92432 0.92915 1.00000 0.39775 0.21336 0.90285 0.41868 0.37842 0.40258 0.12560 0.27214 0.33011 0.36232 0.03382 0.90016 0.90177 0.69256 0.92915 
0.00000 0.00000 0.00000 0.00000 0.00000 0.00000 0.00000 0.00000 0.00000 0.00000 0.00000 0.00000 0.00000 0.00000 0.00000 0.00000 0.00000 0.00000 0.00000 0.00000 0.00000 0.00000 0.00000 0.00000 0.00000 0.00000 0.00000 0.00000 0.00000 0.00000 0.00000 0.00000 0.00000 0.00000 0.00000 0.00000 0.00000 0.00000 0.00000 0.00000 0.00000 0.00000 0.00000 0.00000 0.00000 0.00000 0.30822 0.13356 0.92466 0.96918 1.00000 0.54110 0.34247 0.92466 0.53082 0.45890 0.50685 0.26712 0.20890 0.29452 0.33904 0.24315 0.92808 0.93836 0.80137 0.90411 
0.00000 0.00000 0.00000 0.00000 0.00000 0.00000 0.00000 0.00000 0.00000 0.00000 0.00000 0.00000 0.00000 0.00000 0.00000 0.00000 0.00000 0.00000 0.00000 0.00000 0.00000 0.00000 0.00000 0.00000 0.00000 0.00000 0.00000 0.00000 0.00000 0.00000 0.00000 0.00000 0.00000 0.00000 0.00000 0.00000 0.00000 0.00000 0.00000 0.00000 0.00000 0.00000 0.00000 0.00000 0.00000 0.00000 0.00000 0.32212 0.91981 0.94811 1.00000 0.43879 0.26384 0.90620 0.42949 0.40566 0.41063 0.21226 0.36321 0.32850 0.35577 0.19485 0.91981 0.91038 0.66343 0.93082 
0.00000 0.00000 0.00000 0.00000 0.00000 0.00000 0.00000 0.00000 0.00000 0.00000 0.00000 0.00000 0.00000 0.00000 0.00000 0.00000 0.00000 0.00000 0.00000 0.00000 0.00000 0.00000 0.00000 0.00000 0.00000 0.00000 0.00000 0.00000 0.00000 0.00000 0.00000 0.00000 0.00000 0.00000 0.00000 0.00000 0.00000 0.00000 0.00000 0.00000 0.00000 0.00000 0.00000 0.00000 0.00000 0.00000 0.00000 0.00000 0.92468 0.93109 1.00000 0.45833 0.32085 0.90285 0.45673 0.40385 0.45089 0.29968 0.20513 0.29308 0.37340 0.28502 0.90224 0.90064 0.68285 0.92949 
0.00000 0.00000 0.00000 0.00000 0.00000 0.00000 0.00000 0.00000 0.00000 0.00000 0.00000 0.00000 0.00000 0.00000 0.00000 0.00000 0.00000 0.00000 0.00000 0.00000 0.00000 0.00000 0.00000 0.00000 0.00000 0.00000 0.00000 0.00000 0.00000 0.00000 0.00000 0.00000 0.00000 0.00000 0.00000 0.00000 0.00000 0.00000 0.00000 0.00000 0.00000 0.00000 0.00000 0.00000 0.00000 0.00000 0.00000 0.00000 0.00000 0.38542 1.00000 0.92528 0.92345 0.93635 0.92628 0.92747 0.92754 0.92780 0.93210 0.91626 0.91667 0.92593 0.53956 0.82148 0.92557 0.88382 
0.00000 0.00000 0.00000 0.00000 0.00000 0.00000 0.00000 0.00000 0.00000 0.00000 0.00000 0.00000 0.00000 0.00000 0.00000 0.00000 0.00000 0.00000 0.00000 0.00000 0.00000 0.00000 0.00000 0.00000 0.00000 0.00000 0.00000 0.00000 0.00000 0.00000 0.00000 0.00000 0.00000 0.00000 0.00000 0.00000 0.00000 0.00000 0.00000 0.00000 0.00000 0.00000 0.00000 0.00000 0.00000 0.00000 0.00000 0.00000 0.00000 0.00000 1.00000 0.92846 0.92834 0.96315 0.93109 0.93056 0.93398 0.93241 0.93673 0.94686 0.94712 0.93076 0.54167 0.86040 0.95793 0.90595 
0.00000 0.00000 0.00000 0.00000 0.00000 0.00000 0.00000 0.00000 0.00000 0.00000 0.00000 0.00000 0.00000 0.00000 0.00000 0.00000 0.00000 0.00000 0.00000 0.00000 0.00000 0.00000 0.00000 0.00000 0.00000 0.00000 0.00000 0.00000 0.00000 0.00000 0.00000 0.00000 0.00000 0.00000 0.00000 0.00000 0.00000 0.00000 0.00000 0.00000 0.00000 0.00000 0.00000 0.00000 0.00000 0.00000 0.00000 0.00000 0.00000 0.00000 0.00000 1.00000 1.00000 1.00000 1.00000 1.00000 1.00000 1.00000 1.00000 1.00000 1.00000 1.00000 1.00000 1.00000 1.00000 1.00000 
0.00000 0.00000 0.00000 0.00000 0.00000 0.00000 0.00000 0.00000 0.00000 0.00000 0.00000 0.00000 0.00000 0.00000 0.00000 0.00000 0.00000 0.00000 0.00000 0.00000 0.00000 0.00000 0.00000 0.00000 0.00000 0.00000 0.00000 0.00000 0.00000 0.00000 0.00000 0.00000 0.00000 0.00000 0.00000 0.00000 0.00000 0.00000 0.00000 0.00000 0.00000 0.00000 0.00000 0.00000 0.00000 0.00000 0.00000 0.00000 0.00000 0.00000 0.00000 0.00000 0.45277 0.89782 0.49840 0.29730 0.47504 0.41335 0.47536 0.49275 0.43429 0.40580 0.90461 0.89984 0.71845 0.93323 
0.00000 0.00000 0.00000 0.00000 0.00000 0.00000 0.00000 0.00000 0.00000 0.00000 0.00000 0.00000 0.00000 0.00000 0.00000 0.00000 0.00000 0.00000 0.00000 0.00000 0.00000 0.00000 0.00000 0.00000 0.00000 0.00000 0.00000 0.00000 0.00000 0.00000 0.00000 0.00000 0.00000 0.00000 0.00000 0.00000 0.00000 0.00000 0.00000 0.00000 0.00000 0.00000 0.00000 0.00000 0.00000 0.00000 0.00000 0.00000 0.00000 0.00000 0.00000 0.00000 0.00000 0.90620 0.45277 0.39414 0.43811 0.21824 0.34202 0.41531 0.39902 0.23127 0.89902 0.90065 0.67752 0.92834 
0.00000 0.00000 0.00000 0.00000 0.00000 0.00000 0.00000 0.00000 0.00000 0.00000 0.00000 0.00000 0.00000 0.00000 0.00000 0.00000 0.00000 0.00000 0.00000 0.00000 0.00000 0.00000 0.00000 0.00000 0.00000 0.00000 0.00000 0.00000 0.00000 0.00000 0.00000 0.00000 0.00000 0.00000 0.00000 0.00000 0.00000 0.00000 0.00000 0.00000 0.00000 0.00000 0.00000 0.00000 0.00000 0.00000 0.00000 0.00000 0.00000 0.00000 0.00000 0.00000 0.00000 0.00000 0.90452 0.90117 0.90955 0.90285 0.90787 0.90285 0.90452 0.90620 0.95142 0.91792 0.90787 0.95477 
0.00000 0.00000 0.00000 0.00000 0.00000 0.00000 0.00000 0.00000 0.00000 0.00000 0.00000 0.00000 0.00000 0.00000 0.00000 0.00000 0.00000 0.00000 0.00000 0.00000 0.00000 0.00000 0.00000 0.00000 0.00000 0.00000 0.00000 0.00000 0.00000 0.00000 0.00000 0.00000 0.00000 0.00000 0.00000 0.00000 0.00000 0.00000 0.00000 0.00000 0.00000 0.00000 0.00000 0.00000 0.00000 0.00000 0.00000 0.00000 0.00000 0.00000 0.00000 0.00000 0.00000 0.00000 0.00000 0.42949 0.30274 0.43429 0.47756 0.50564 0.45192 0.42351 0.90224 0.90224 0.65858 0.92949 
0.00000 0.00000 0.00000 0.00000 0.00000 0.00000 0.00000 0.00000 0.00000 0.00000 0.00000 0.00000 0.00000 0.00000 0.00000 0.00000 0.00000 0.00000 0.00000 0.00000 0.00000 0.00000 0.00000 0.00000 0.00000 0.00000 0.00000 0.00000 0.00000 0.00000 0.00000 0.00000 0.00000 0.00000 0.00000 0.00000 0.00000 0.00000 0.00000 0.00000 0.00000 0.00000 0.00000 0.00000 0.00000 0.00000 0.00000 0.00000 0.00000 0.00000 0.00000 0.00000 0.00000 0.00000 0.00000 0.00000 0.41385 0.41512 0.45988 0.45250 0.35737 0.38486 0.90895 0.90432 0.68932 0.93673 
0.00000 0.00000 0.00000 0.00000 0.00000 0.00000 0.00000 0.00000 0.00000 0.00000 0.00000 0.00000 0.00000 0.00000 0.00000 0.00000 0.00000 0.00000 0.00000 0.00000 0.00000 0.00000 0.00000 0.00000 0.00000 0.00000 0.00000 0.00000 0.00000 0.00000 0.00000 0.00000 0.00000 0.00000 0.00000 0.00000 0.00000 0.00000 0.00000 0.00000 0.00000 0.00000 0.00000 0.00000 0.00000 0.00000 0.00000 0.00000 0.00000 0.00000 0.00000 0.00000 0.00000 0.00000 0.00000 0.00000 0.00000 0.41385 0.48148 0.49275 0.43639 0.40741 0.90338 0.90338 0.67314 0.93076 
0.00000 0.00000 0.00000 0.00000 0.00000 0.00000 0.00000 0.00000 0.00000 0.00000 0.00000 0.00000 0.00000 0.00000 0.00000 0.00000 0.00000 0.00000 0.00000 0.00000 0.00000 0.00000 0.00000 0.00000 0.00000 0.00000 0.00000 0.00000 0.00000 0.00000 0.00000 0.00000 0.00000 0.00000 0.00000 0.00000 0.00000 0.00000 0.00000 0.00000 0.00000 0.00000 0.00000 0.00000 0.00000 0.00000 0.00000 0.00000 0.00000 0.00000 0.00000 0.00000 0.00000 0.00000 0.00000 0.00000 0.00000 0.00000 0.32562 0.35588 0.38622 0.14493 0.90476 0.90323 0.67961 0.93241 
0.00000 0.00000 0.00000 0.00000 0.00000 0.00000 0.00000 0.00000 0.00000 0.00000 0.00000 0.00000 0.00000 0.00000 0.00000 0.00000 0.00000 0.00000 0.00000 0.00000 0.00000 0.00000 0.00000 0.00000 0.00000 0.00000 0.00000 0.00000 0.00000 0.00000 0.00000 0.00000 0.00000 0.00000 0.00000 0.00000 0.00000 0.00000 0.00000 0.00000 0.00000 0.00000 0.00000 0.00000 0.00000 0.00000 0.00000 0.00000 0.00000 0.00000 0.00000 0.00000 0.00000 0.00000 0.00000 0.00000 0.00000 0.00000 0.00000 0.30918 0.40865 0.28019 0.90741 0.90586 0.69741 0.93519 
0.00000 0.00000 0.00000 0.00000 0.00000 0.00000 0.00000 0.00000 0.00000 0.00000 0.00000 0.00000 0.00000 0.00000 0.00000 0.00000 0.00000 0.00000 0.00000 0.00000 0.00000 0.00000 0.00000 0.00000 0.00000 0.00000 0.00000 0.00000 0.00000 0.00000 0.00000 0.00000 0.00000 0.00000 0.00000 0.00000 0.00000 0.00000 0.00000 0.00000 0.00000 0.00000 0.00000 0.00000 0.00000 0.00000 0.00000 0.00000 0.00000 0.00000 0.00000 0.00000 0.00000 0.00000 0.00000 0.00000 0.00000 0.00000 0.00000 0.00000 0.38969 0.32850 0.92271 0.90499 0.69417 0.93076 
0.00000 0.00000 0.00000 0.00000 0.00000 0.00000 0.00000 0.00000 0.00000 0.00000 0.00000 0.00000 0.00000 0.00000 0.00000 0.00000 0.00000 0.00000 0.00000 0.00000 0.00000 0.00000 0.00000 0.00000 0.00000 0.00000 0.00000 0.00000 0.00000 0.00000 0.00000 0.00000 0.00000 0.00000 0.00000 0.00000 0.00000 0.00000 0.00000 0.00000 0.00000 0.00000 0.00000 0.00000 0.00000 0.00000 0.00000 0.00000 0.00000 0.00000 0.00000 0.00000 0.00000 0.00000 0.00000 0.00000 0.00000 0.00000 0.00000 0.00000 0.00000 0.36554 0.92147 0.91026 0.67152 0.93109 
0.00000 0.00000 0.00000 0.00000 0.00000 0.00000 0.00000 0.00000 0.00000 0.00000 0.00000 0.00000 0.00000 0.00000 0.00000 0.00000 0.00000 0.00000 0.00000 0.00000 0.00000 0.00000 0.00000 0.00000 0.00000 0.00000 0.00000 0.00000 0.00000 0.00000 0.00000 0.00000 0.00000 0.00000 0.00000 0.00000 0.00000 0.00000 0.00000 0.00000 0.00000 0.00000 0.00000 0.00000 0.00000 0.00000 0.00000 0.00000 0.00000 0.00000 0.00000 0.00000 0.00000 0.00000 0.00000 0.00000 0.00000 0.00000 0.00000 0.00000 0.00000 0.00000 0.90177 0.90177 0.69741 0.92915 
0.00000 0.00000 0.00000 0.00000 0.00000 0.00000 0.00000 0.00000 0.00000 0.00000 0.00000 0.00000 0.00000 0.00000 0.00000 0.00000 0.00000 0.00000 0.00000 0.00000 0.00000 0.00000 0.00000 0.00000 0.00000 0.00000 0.00000 0.00000 0.00000 0.00000 0.00000 0.00000 0.00000 0.00000 0.00000 0.00000 0.00000 0.00000 0.00000 0.00000 0.00000 0.00000 0.00000 0.00000 0.00000 0.00000 0.00000 0.00000 0.00000 0.00000 0.00000 0.00000 0.00000 0.00000 0.00000 0.00000 0.00000 0.00000 0.00000 0.00000 0.00000 0.00000 0.00000 0.88054 0.92395 0.87690 
0.00000 0.00000 0.00000 0.00000 0.00000 0.00000 0.00000 0.00000 0.00000 0.00000 0.00000 0.00000 0.00000 0.00000 0.00000 0.00000 0.00000 0.00000 0.00000 0.00000 0.00000 0.00000 0.00000 0.00000 0.00000 0.00000 0.00000 0.00000 0.00000 0.00000 0.00000 0.00000 0.00000 0.00000 0.00000 0.00000 0.00000 0.00000 0.00000 0.00000 0.00000 0.00000 0.00000 0.00000 0.00000 0.00000 0.00000 0.00000 0.00000 0.00000 0.00000 0.00000 0.00000 0.00000 0.00000 0.00000 0.00000 0.00000 0.00000 0.00000 0.00000 0.00000 0.00000 0.00000 0.91424 0.91286 
0.00000 0.00000 0.00000 0.00000 0.00000 0.00000 0.00000 0.00000 0.00000 0.00000 0.00000 0.00000 0.00000 0.00000 0.00000 0.00000 0.00000 0.00000 0.00000 0.00000 0.00000 0.00000 0.00000 0.00000 0.00000 0.00000 0.00000 0.00000 0.00000 0.00000 0.00000 0.00000 0.00000 0.00000 0.00000 0.00000 0.00000 0.00000 0.00000 0.00000 0.00000 0.00000 0.00000 0.00000 0.00000 0.00000 0.00000 0.00000 0.00000 0.00000 0.00000 0.00000 0.00000 0.00000 0.00000 0.00000 0.00000 0.00000 0.00000 0.00000 0.00000 0.00000 0.00000 0.00000 0.00000 0.92880 
0.00000 0.00000 0.00000 0.00000 0.00000 0.00000 0.00000 0.00000 0.00000 0.00000 0.00000 0.00000 0.00000 0.00000 0.00000 0.00000 0.00000 0.00000 0.00000 0.00000 0.00000 0.00000 0.00000 0.00000 0.00000 0.00000 0.00000 0.00000 0.00000 0.00000 0.00000 0.00000 0.00000 0.00000 0.00000 0.00000 0.00000 0.00000 0.00000 0.00000 0.00000 0.00000 0.00000 0.00000 0.00000 0.00000 0.00000 0.00000 0.00000 0.00000 0.00000 0.00000 0.00000 0.00000 0.00000 0.00000 0.00000 0.00000 0.00000 0.00000 0.00000 0.00000 0.00000 0.00000 0.00000 0.00000 
